
 OpenBabel08222315313D

 18 18  0  0  1  0  0  0  0  0999 V2000
   -2.1728    1.6734   -2.6771 C   0  0  1  0  0  0  0  0  0  0  0  0
   -3.0995    0.8463   -4.8211 Cl  0  0  0  0  0  0  0  0  0  0  0  0
   -2.2041    2.0791   -3.7130 Br  0  0  0  0  0  0  0  0  0  0  0  0
   -3.4091   -0.0288   -4.2070 C   0  0  2  0  0  0  0  0  0  0  0  0
   -3.6082    1.4482   -2.1726 C   0  0  0  0  0  0  0  0  0  0  0  0
   -1.4345    0.3241   -2.6787 C   0  0  2  0  0  0  0  0  0  0  0  0
   -4.3380    0.4436   -3.0757 C   0  0  0  0  0  0  0  0  0  0  0  0
   -2.1642   -0.6805   -3.5816 C   0  0  1  0  0  0  0  0  0  0  0  0
   -1.6484    2.3811   -1.9967 H   0  0  0  0  0  0  0  0  0  0  0  0
   -3.9423   -0.7771   -4.8352 H   0  0  0  0  0  0  0  0  0  0  0  0
   -3.5739    1.0501   -1.1338 H   0  0  0  0  0  0  0  0  0  0  0  0
   -4.1555    2.4171   -2.1919 H   0  0  0  0  0  0  0  0  0  0  0  0
   -1.3976   -0.0752   -1.6404 Br  0  0  0  0  0  0  0  0  0  0  0  0
   -0.4021    0.4762   -3.0658 H   0  0  0  0  0  0  0  0  0  0  0  0
   -4.6525   -0.4345   -2.4684 H   0  0  0  0  0  0  0  0  0  0  0  0
   -5.2298    0.9382   -3.5215 H   0  0  0  0  0  0  0  0  0  0  0  0
   -2.4760   -1.5600   -2.9750 Cl  0  0  0  0  0  0  0  0  0  0  0  0
   -1.4764   -1.0029   -4.3952 H   0  0  0  0  0  0  0  0  0  0  0  0
  1  6  1  6  0  0  0
  1  5  1  0  0  0  0
  1  9  1  0  0  0  0
  2  4  1  0  0  0  0
  3  1  1  0  0  0  0
  4  8  1  1  0  0  0
  4  7  1  0  0  0  0
  5 11  1  0  0  0  0
  6  8  1  6  0  0  0
  6 13  1  0  0  0  0
  7 15  1  0  0  0  0
  7  5  1  0  0  0  0
  8 17  1  0  0  0  0
  8 18  1  6  0  0  0
 10  4  1  0  0  0  0
 12  5  1  0  0  0  0
 14  6  1  0  0  0  0
 16  7  1  0  0  0  0
M  END
