
 OpenBabel08222315333D

 18 18  0  0  0  0  0  0  0  0999 V2000
    2.7925   -1.5924    3.6849 C   0  0  1  0  0  0  0  0  0  0  0  0
    2.7097   -2.2331    5.0678 C   0  0  1  0  0  0  0  0  0  0  0  0
    2.2389   -3.6829    4.9891 C   0  0  1  0  0  0  0  0  0  0  0  0
    3.1052   -4.5051    4.0388 C   0  0  2  0  0  0  0  0  0  0  0  0
    3.1879   -3.8644    2.6559 C   0  0  0  0  0  0  0  0  0  0  0  0
    3.6588   -2.4147    2.7347 C   0  0  0  0  0  0  0  0  0  0  0  0
    3.2323   -0.5749    3.7847 H   0  0  0  0  0  0  0  0  0  0  0  0
    1.7639   -1.5423    3.2626 Cl  0  0  0  0  0  0  0  0  0  0  0  0
    3.7179   -2.2064    5.5386 Cl  0  0  0  0  0  0  0  0  0  0  0  0
    1.9720   -1.6602    5.6731 H   0  0  0  0  0  0  0  0  0  0  0  0
    2.2897   -4.1342    6.0052 Br  0  0  0  0  0  0  0  0  0  0  0  0
    1.1954   -3.6892    4.6020 H   0  0  0  0  0  0  0  0  0  0  0  0
    4.1316   -4.5827    4.4623 H   0  0  0  0  0  0  0  0  0  0  0  0
    2.6425   -5.5114    3.9288 Br  0  0  0  0  0  0  0  0  0  0  0  0
    3.9056   -4.4433    2.0325 H   0  0  0  0  0  0  0  0  0  0  0  0
    2.1701   -3.8756    2.2058 H   0  0  0  0  0  0  0  0  0  0  0  0
    4.7105   -2.3964    3.0984 H   0  0  0  0  0  0  0  0  0  0  0  0
    3.5809   -1.9679    1.7183 H   0  0  0  0  0  0  0  0  0  0  0  0
  1  7  1  0  0  0  0
  1  2  1  1  0  0  0
  2  9  1  0  0  0  0
  2 10  1  0  0  0  0
  2  3  1  6  0  0  0
  3 11  1  0  0  0  0
  3  4  1  6  0  0  0
  4 13  1  1  0  0  0
  5  6  1  0  0  0  0
  5  4  1  0  0  0  0
  6 17  1  0  0  0  0
  6  1  1  0  0  0  0
  8  1  1  0  0  0  0
 12  3  1  0  0  0  0
 14  4  1  0  0  0  0
 15  5  1  0  0  0  0
 16  5  1  0  0  0  0
 18  6  1  0  0  0  0
M  END
