
 OpenBabel08292315023D

 14 13  0  0  1  0  0  0  0  0999 V2000
    1.7024    4.4933   -7.5234 Br  0  0  0  0  0  0  0  0  0  0  0  0
    1.5182    5.2453   -5.7376 C   0  0  1  0  0  0  0  0  0  0  0  0
    0.4483    4.4777   -4.9251 C   0  0  1  0  0  0  0  0  0  0  0  0
    0.8019    3.0120   -4.6515 C   0  0  0  0  0  0  0  0  0  0  0  0
    2.8971    5.2962   -5.0705 C   0  0  0  0  0  0  0  0  0  0  0  0
    0.0274    5.4611   -3.0611 Cl  0  0  0  0  0  0  0  0  0  0  0  0
    1.1591    6.2890   -5.8683 H   0  0  0  0  0  0  0  0  0  0  0  0
   -0.4993    4.5016   -5.5058 H   0  0  0  0  0  0  0  0  0  0  0  0
    0.9665    2.4598   -5.5996 H   0  0  0  0  0  0  0  0  0  0  0  0
   -0.0361    2.5230   -4.1115 H   0  0  0  0  0  0  0  0  0  0  0  0
    1.7101    2.9315   -4.0198 H   0  0  0  0  0  0  0  0  0  0  0  0
    3.3294    4.2799   -4.9672 H   0  0  0  0  0  0  0  0  0  0  0  0
    3.5887    5.9012   -5.6941 H   0  0  0  0  0  0  0  0  0  0  0  0
    2.8377    5.7703   -4.0696 H   0  0  0  0  0  0  0  0  0  0  0  0
  1  2  1  0  0  0  0
  2  3  1  0  0  0  0
  2  5  1  0  0  0  0
  2  7  1  6  0  0  0
  3  4  1  0  0  0  0
  3  6  1  0  0  0  0
  3  8  1  6  0  0  0
  4  9  1  0  0  0  0
  4 10  1  0  0  0  0
  4 11  1  0  0  0  0
  5 12  1  0  0  0  0
  5 13  1  0  0  0  0
  5 14  1  0  0  0  0
M  END
