
 OpenBabel08292315033D

 14 13  0  0  1  0  0  0  0  0999 V2000
    0.9820    7.1634   -6.4755 Br  0  0  0  0  0  0  0  0  0  0  0  0
    1.3453    5.2491   -6.5164 C   0  0  1  0  0  0  0  0  0  0  0  0
    0.5999    4.5361   -5.3617 C   0  0  1  0  0  0  0  0  0  0  0  0
    0.8391    3.0233   -5.3365 C   0  0  0  0  0  0  0  0  0  0  0  0
    0.9371    4.7368   -7.9013 C   0  0  0  0  0  0  0  0  0  0  0  0
    1.2387    5.3083   -3.4559 Cl  0  0  0  0  0  0  0  0  0  0  0  0
    2.4403    5.1025   -6.3937 H   0  0  0  0  0  0  0  0  0  0  0  0
   -0.4922    4.7203   -5.4577 H   0  0  0  0  0  0  0  0  0  0  0  0
    0.4494    2.5359   -6.2525 H   0  0  0  0  0  0  0  0  0  0  0  0
    0.3020    2.5746   -4.4742 H   0  0  0  0  0  0  0  0  0  0  0  0
    1.9233    2.8035   -5.2358 H   0  0  0  0  0  0  0  0  0  0  0  0
   -0.1543    4.8707   -8.0589 H   0  0  0  0  0  0  0  0  0  0  0  0
    1.4831    5.3033   -8.6852 H   0  0  0  0  0  0  0  0  0  0  0  0
    1.1979    3.6674   -8.0308 H   0  0  0  0  0  0  0  0  0  0  0  0
  1  2  1  0  0  0  0
  2  3  1  0  0  0  0
  2  5  1  0  0  0  0
  2  7  1  1  0  0  0
  3  4  1  0  0  0  0
  3  6  1  0  0  0  0
  3  8  1  6  0  0  0
  4  9  1  0  0  0  0
  4 10  1  0  0  0  0
  4 11  1  0  0  0  0
  5 12  1  0  0  0  0
  5 13  1  0  0  0  0
  5 14  1  0  0  0  0
M  END
