
 OpenBabel08292314593D

 14 13  0  0  1  0  0  0  0  0999 V2000
    2.9990    5.4844   -4.1914 Br  0  0  0  0  0  0  0  0  0  0  0  0
    1.4586    5.4534   -5.3867 C   0  0  1  0  0  0  0  0  0  0  0  0
    0.2670    4.6615   -4.7978 C   0  0  1  0  0  0  0  0  0  0  0  0
    0.6176    3.1876   -4.5838 C   0  0  0  0  0  0  0  0  0  0  0  0
    1.0697    6.8907   -5.7386 C   0  0  0  0  0  0  0  0  0  0  0  0
   -0.4628    5.4785   -2.9422 Cl  0  0  0  0  0  0  0  0  0  0  0  0
    1.7759    4.9575   -6.3301 H   0  0  0  0  0  0  0  0  0  0  0  0
   -0.5721    4.6992   -5.5267 H   0  0  0  0  0  0  0  0  0  0  0  0
    0.9418    2.7260   -5.5407 H   0  0  0  0  0  0  0  0  0  0  0  0
   -0.2756    2.6388   -4.2175 H   0  0  0  0  0  0  0  0  0  0  0  0
    1.4285    3.0747   -3.8347 H   0  0  0  0  0  0  0  0  0  0  0  0
    0.7747    7.4598   -4.8331 H   0  0  0  0  0  0  0  0  0  0  0  0
    1.9322    7.4082   -6.2096 H   0  0  0  0  0  0  0  0  0  0  0  0
    0.2248    6.8948   -6.4597 H   0  0  0  0  0  0  0  0  0  0  0  0
  1  2  1  0  0  0  0
  2  3  1  0  0  0  0
  2  5  1  0  0  0  0
  2  7  1  6  0  0  0
  3  4  1  0  0  0  0
  3  6  1  0  0  0  0
  3  8  1  6  0  0  0
  4  9  1  0  0  0  0
  4 10  1  0  0  0  0
  4 11  1  0  0  0  0
  5 12  1  0  0  0  0
  5 13  1  0  0  0  0
  5 14  1  0  0  0  0
M  END
