
 OpenBabel09052320163D

 16 15  0  0  1  0  0  0  0  0999 V2000
   -3.4376    0.2918    0.2145 C   0  0  0  0  0  0  0  0  0  0  0  0
   -1.9091    0.3796    0.0524 C   0  0  0  0  0  0  0  0  0  0  0  0
   -3.8788    1.3098    0.2619 H   0  0  0  0  0  0  0  0  0  0  0  0
   -3.7196   -0.2637    1.1334 H   0  0  0  0  0  0  0  0  0  0  0  0
   -3.8763   -0.2416   -0.6557 H   0  0  0  0  0  0  0  0  0  0  0  0
   -1.2428    1.1924    1.2688 C   0  0  0  0  0  0  0  0  0  0  0  0
   -1.7857    0.8603   -0.9504 H   0  0  0  0  0  0  0  0  0  0  0  0
   -1.5360   -0.6707   -0.0981 H   0  0  0  0  0  0  0  0  0  0  0  0
   -1.4521    0.0263    2.0471 O   0  0  0  0  0  0  0  0  0  0  0  0
    0.1799    1.0327    0.5533 C   0  0  0  0  0  0  0  0  0  0  0  0
    0.3335    1.3255   -0.5200 H   0  0  0  0  0  0  0  0  0  0  0  0
    0.5350   -0.0246    0.5947 H   0  0  0  0  0  0  0  0  0  0  0  0
    0.9730    1.5620    1.1339 H   0  0  0  0  0  0  0  0  0  0  0  0
   -0.6701   -0.1237    2.6459 H   0  0  0  0  0  0  0  0  0  0  0  0
   -1.2961    2.9989    0.4651 Br  0  0  0  0  0  0  0  0  0  0  0  0
   -0.9346    1.8810    2.0915 H   0  0  0  0  0  0  0  0  0  0  0  0
  1  2  1  0  0  0  0
  1  3  1  0  0  0  0
  1  4  1  0  0  0  0
  1  5  1  0  0  0  0
  2  6  1  0  0  0  0
  2  7  1  0  0  0  0
  2  8  1  0  0  0  0
  6  9  1  0  0  0  0
  6 10  1  0  0  0  0
  6 15  1  0  0  0  0
  6 16  1  0  0  0  0
  9 14  1  0  0  0  0
 10 11  1  0  0  0  0
 10 12  1  0  0  0  0
 10 13  1  0  0  0  0
M  END
