
 OpenBabel09052320103D

 15 14  0  0  1  0  0  0  0  0999 V2000
   -3.6046    0.2674   -0.0144 C   0  0  0  0  0  0  0  0  0  0  0  0
   -2.0954    0.3369   -0.2392 C   0  0  0  0  0  0  0  0  0  0  0  0
   -3.9809    1.2365    0.3771 H   0  0  0  0  0  0  0  0  0  0  0  0
   -3.8557   -0.5397    0.7059 H   0  0  0  0  0  0  0  0  0  0  0  0
   -4.1140    0.0513   -0.9771 H   0  0  0  0  0  0  0  0  0  0  0  0
   -1.3357    0.6523    1.0638 C   0  0  1  0  0  0  0  0  0  0  0  0
   -1.8889    1.1337   -0.9869 H   0  0  0  0  0  0  0  0  0  0  0  0
   -1.7461   -0.6331   -0.6559 H   0  0  0  0  0  0  0  0  0  0  0  0
   -1.5817   -0.3253    2.0442 O   0  0  0  0  0  0  0  0  0  0  0  0
    0.1700    0.7836    0.8130 C   0  0  0  0  0  0  0  0  0  0  0  0
   -1.6971    1.6291    1.4534 H   0  0  0  0  0  0  0  0  0  0  0  0
    0.3680    1.5902    0.0753 H   0  0  0  0  0  0  0  0  0  0  0  0
    0.5863   -0.1697    0.4228 H   0  0  0  0  0  0  0  0  0  0  0  0
    0.6885    1.0385    1.7615 H   0  0  0  0  0  0  0  0  0  0  0  0
   -1.2627   -1.1961    1.6885 H   0  0  0  0  0  0  0  0  0  0  0  0
  1  2  1  0  0  0  0
  1  3  1  0  0  0  0
  1  4  1  0  0  0  0
  1  5  1  0  0  0  0
  2  6  1  0  0  0  0
  2  7  1  0  0  0  0
  2  8  1  0  0  0  0
  6  9  1  0  0  0  0
  6 10  1  0  0  0  0
  6 11  1  1  0  0  0
  9 15  1  0  0  0  0
 10 12  1  0  0  0  0
 10 13  1  0  0  0  0
 10 14  1  0  0  0  0
M  END
