
 OpenBabel09052320113D

 14 13  0  0  1  0  0  0  0  0999 V2000
   -2.8079    0.1179   -0.1204 C   0  0  0  0  0  0  0  0  0  0  0  0
   -1.3385    0.5329   -0.1913 C   0  0  0  0  0  0  0  0  0  0  0  0
   -3.4557    0.9820    0.1338 H   0  0  0  0  0  0  0  0  0  0  0  0
   -2.9462   -0.6787    0.6413 H   0  0  0  0  0  0  0  0  0  0  0  0
   -3.1285   -0.2766   -1.1076 H   0  0  0  0  0  0  0  0  0  0  0  0
   -0.8089    1.0585    1.1544 C   0  0  2  0  0  0  0  0  0  0  0  0
   -1.2144    1.3110   -0.9759 H   0  0  0  0  0  0  0  0  0  0  0  0
   -0.7484   -0.3619   -0.4880 H   0  0  0  0  0  0  0  0  0  0  0  0
   -1.7476    2.6729    1.7064 Br  0  0  0  0  0  0  0  0  0  0  0  0
    0.6837    1.3715    1.0579 C   0  0  0  0  0  0  0  0  0  0  0  0
   -0.9525    0.2800    1.9352 H   0  0  0  0  0  0  0  0  0  0  0  0
    1.2519    0.4584    0.7797 H   0  0  0  0  0  0  0  0  0  0  0  0
    1.0588    1.7304    2.0397 H   0  0  0  0  0  0  0  0  0  0  0  0
    0.8683    2.1578    0.2950 H   0  0  0  0  0  0  0  0  0  0  0  0
  1  2  1  0  0  0  0
  1  3  1  0  0  0  0
  1  4  1  0  0  0  0
  1  5  1  0  0  0  0
  2  6  1  0  0  0  0
  2  7  1  0  0  0  0
  2  8  1  0  0  0  0
  6  9  1  0  0  0  0
  6 10  1  0  0  0  0
  6 11  1  1  0  0  0
 10 12  1  0  0  0  0
 10 13  1  0  0  0  0
 10 14  1  0  0  0  0
M  END
