2-aminobutan-2-ol
  Avogadro

 17 16  0  0  0  0  0  0  0  0999 V2000
    0.4183   -0.8849   -1.1490 N    0  0  0  0  0  0  0  0  0  0  0  0
    0.3868    0.0034    0.0206 C    0  0  0  0  0  0  0  0  0  0  0  0
    0.3864    1.4606   -0.4456 C    0  0  0  0  0  0  0  0  0  0  0  0
   -0.8784   -0.2716    0.8359 C    0  0  0  0  0  0  0  0  0  0  0  0
   -2.1110   -0.0145   -0.0332 C    0  0  0  0  0  0  0  0  0  0  0  0
    1.5381   -0.2368    0.8323 O    0  0  0  0  0  0  0  0  0  0  0  0
    1.2111   -0.6790   -1.7381 H    0  0  0  0  0  0  0  0  0  0  0  0
    0.4192   -1.8538   -0.8672 H    0  0  0  0  0  0  0  0  0  0  0  0
   -0.4917    1.6438   -1.0648 H    0  0  0  0  0  0  0  0  0  0  0  0
    0.3630    2.1197    0.4222 H    0  0  0  0  0  0  0  0  0  0  0  0
    1.2878    1.6565   -1.0264 H    0  0  0  0  0  0  0  0  0  0  0  0
   -0.8781   -1.3097    1.1680 H    0  0  0  0  0  0  0  0  0  0  0  0
   -0.9018    0.3875    1.7037 H    0  0  0  0  0  0  0  0  0  0  0  0
   -2.1113    1.0237   -0.3654 H    0  0  0  0  0  0  0  0  0  0  0  0
   -2.0876   -0.6736   -0.9010 H    0  0  0  0  0  0  0  0  0  0  0  0
   -3.0124   -0.2103    0.5476 H    0  0  0  0  0  0  0  0  0  0  0  0
    2.3781   -0.0820    0.3791 H    0  0  0  0  0  0  0  0  0  0  0  0
  1  2  1  0  0  0  0
  2  3  1  0  0  0  0
  2  4  1  0  0  0  0
  4  5  1  0  0  0  0
  2  6  1  0  0  0  0
  1  7  1  0  0  0  0
  1  8  1  0  0  0  0
  3  9  1  0  0  0  0
  3 10  1  0  0  0  0
  3 11  1  0  0  0  0
  4 12  1  0  0  0  0
  4 13  1  0  0  0  0
  5 14  1  0  0  0  0
  5 15  1  0  0  0  0
  5 16  1  0  0  0  0
  6 17  1  0  0  0  0
M  END
