
 OpenBabel06232313043D

 32 33  0  0  0  0  0  0  0  0999 V2000
   -1.9067   -1.4382   -0.3266 C   0  0  0  0  0  0  0  0  0  0  0  0
   -3.2849   -1.2211   -0.3256 C   0  0  0  0  0  0  0  0  0  0  0  0
   -3.7942    0.0647   -0.2074 C   0  0  0  0  0  0  0  0  0  0  0  0
   -2.9294    1.1466   -0.0940 C   0  0  0  0  0  0  0  0  0  0  0  0
    0.7070   -2.8146    0.9879 C   0  0  0  0  0  0  0  0  0  0  0  0
    0.4801   -2.5444   -1.0781 H   0  0  0  0  0  0  0  0  0  0  0  0
   -1.5409    0.9608   -0.0932 C   0  0  0  0  0  0  0  0  0  0  0  0
   -0.9891   -0.3601   -0.2026 C   0  0  0  0  0  0  0  0  0  0  0  0
    0.6611    0.5294    1.9004 O   0  0  0  0  0  0  0  0  0  0  0  0
    1.1484    0.0320   -1.5103 C   0  0  0  0  0  0  0  0  0  0  0  0
    2.6892   -0.0423   -1.5394 C   0  0  0  0  0  0  0  0  0  0  0  0
    2.7818    0.0226    0.9787 C   0  0  0  0  0  0  0  0  0  0  0  0
    3.2813    0.6769   -0.3135 C   0  0  0  0  0  0  0  0  0  0  0  0
    1.2756    0.0224    0.9734 C   0  0  0  0  0  0  0  0  0  0  0  0
   -0.5656    2.4263    0.0580 Cl  0  0  0  0  0  0  0  0  0  0  0  0
    0.9115   -2.0566   -0.2593 N   0  0  0  0  0  0  0  0  0  0  0  0
    0.5554   -0.6117   -0.2183 C   0  0  1  0  0  0  0  0  0  0  0  0
    0.9342   -3.8861    0.8066 H   0  0  0  0  0  0  0  0  0  0  0  0
    1.3981   -2.4655    1.7811 H   0  0  0  0  0  0  0  0  0  0  0  0
   -0.3283   -2.7311    1.3710 H   0  0  0  0  0  0  0  0  0  0  0  0
   -1.5816   -2.4582   -0.4365 H   0  0  0  0  0  0  0  0  0  0  0  0
   -3.9624   -2.0602   -0.4211 H   0  0  0  0  0  0  0  0  0  0  0  0
   -4.8647    0.2250   -0.2080 H   0  0  0  0  0  0  0  0  0  0  0  0
   -3.3413    2.1444   -0.0066 H   0  0  0  0  0  0  0  0  0  0  0  0
    0.8833    1.1003   -1.5987 H   0  0  0  0  0  0  0  0  0  0  0  0
    0.7338   -0.4750   -2.4089 H   0  0  0  0  0  0  0  0  0  0  0  0
    3.0218   -1.1031   -1.5482 H   0  0  0  0  0  0  0  0  0  0  0  0
    3.0630    0.4414   -2.4674 H   0  0  0  0  0  0  0  0  0  0  0  0
    3.1502   -1.0247    1.0127 H   0  0  0  0  0  0  0  0  0  0  0  0
    3.1802    0.5595    1.8667 H   0  0  0  0  0  0  0  0  0  0  0  0
    4.3909    0.6301   -0.3482 H   0  0  0  0  0  0  0  0  0  0  0  0
    2.9773    1.7472   -0.3310 H   0  0  0  0  0  0  0  0  0  0  0  0
  1  2  1  0  0  0  0
  1  8  2  0  0  0  0
  1 21  1  0  0  0  0
  2  3  2  0  0  0  0
  2 22  1  0  0  0  0
  3  4  1  0  0  0  0
  3 23  1  0  0  0  0
  4  7  2  0  0  0  0
  4 24  1  0  0  0  0
  5 16  1  0  0  0  0
  5 18  1  0  0  0  0
  5 19  1  0  0  0  0
  5 20  1  0  0  0  0
  6 16  1  0  0  0  0
  7 15  1  0  0  0  0
  7  8  1  0  0  0  0
  8 17  1  0  0  0  0
  9 14  2  0  0  0  0
 10 17  1  0  0  0  0
 10 11  1  0  0  0  0
 10 25  1  0  0  0  0
 10 26  1  0  0  0  0
 11 13  1  0  0  0  0
 11 27  1  0  0  0  0
 11 28  1  0  0  0  0
 12 14  1  0  0  0  0
 12 13  1  0  0  0  0
 12 29  1  0  0  0  0
 12 30  1  0  0  0  0
 13 31  1  0  0  0  0
 13 32  1  0  0  0  0
 14 17  1  0  0  0  0
 17 16  1  6  0  0  0
M  END
>  <MOL Chiral Flag>
0

$$$$
