
 OpenBabel05232314343D

 18 17  0  0  0  0  0  0  0  0999 V2000
   -0.1995   -0.3548    1.4922 O   0  0  0  0  0  0  0  0  0  0  0  0
    0.2301   -2.8470    0.0078 O   0  5  0  0  0  0  0  0  0  0  0  0
    1.6718   -1.5251   -1.0324 O   0  0  0  0  0  0  0  0  0  0  0  0
    2.1710    1.1587    1.4947 O   0  5  0  0  0  0  0  0  0  0  0  0
   -2.3293    1.8653   -0.4532 O   0  5  0  0  0  0  0  0  0  0  0  0
    2.9270    1.1723   -0.5929 O   0  0  0  0  0  0  0  0  0  0  0  0
   -3.5139    0.2872    0.5565 O   0  0  0  0  0  0  0  0  0  0  0  0
   -0.1228   -0.3836    0.0847 C   0  0  0  0  0  0  0  0  0  0  0  0
    0.5795    0.9242   -0.3895 C   0  0  0  0  0  0  0  0  0  0  0  0
   -1.5562   -0.4949   -0.5206 C   0  0  0  0  0  0  0  0  0  0  0  0
    0.6622   -1.6217   -0.3512 C   0  0  0  0  0  0  0  0  0  0  0  0
    1.9733    1.0860    0.1643 C   0  0  0  0  0  0  0  0  0  0  0  0
   -2.5199    0.5839   -0.0873 C   0  0  0  0  0  0  0  0  0  0  0  0
    0.0138    1.8129   -0.0517 H   0  0  0  0  0  0  0  0  0  0  0  0
    0.6176    0.9384   -1.5019 H   0  0  0  0  0  0  0  0  0  0  0  0
   -1.5032   -0.5025   -1.6312 H   0  0  0  0  0  0  0  0  0  0  0  0
   -1.9901   -1.4705   -0.2049 H   0  0  0  0  0  0  0  0  0  0  0  0
   -0.6972   -1.1586    1.7972 H   0  0  0  0  0  0  0  0  0  0  0  0
  1  8  1  0  0  0  0
  1 18  1  0  0  0  0
  2 11  1  0  0  0  0
  3 11  2  0  0  0  0
  4 12  1  0  0  0  0
  5 13  1  0  0  0  0
  6 12  2  0  0  0  0
  7 13  2  0  0  0  0
  8  9  1  0  0  0  0
  8 10  1  0  0  0  0
  8 11  1  0  0  0  0
  9 12  1  0  0  0  0
  9 14  1  0  0  0  0
  9 15  1  0  0  0  0
 10 13  1  0  0  0  0
 10 16  1  0  0  0  0
 10 17  1  0  0  0  0
M  CHG  3   2  -1   4  -1   5  -1
M  END
