
 OpenBabel05232314423D

 16 15  0  0  0  0  0  0  0  0999 V2000
   -1.8705    1.4298   -1.9009 C   0  0  0  0  0  0  0  0  0  0  0  0
   -0.4257    1.9442   -2.0432 C   0  0  0  0  0  0  0  0  0  0  0  0
   -2.8180    2.5928   -1.6812 C   0  0  0  0  0  0  0  0  0  0  0  0
   -1.9551    0.3639   -0.7891 C   0  0  0  0  0  0  0  0  0  0  0  0
   -2.1533    0.9391   -2.8582 H   0  0  0  0  0  0  0  0  0  0  0  0
    0.0195    2.5592   -0.8622 O   0  0  0  0  0  0  0  0  0  0  0  0
   -0.3399    2.6466   -2.9047 H   0  0  0  0  0  0  0  0  0  0  0  0
    0.2532    1.0953   -2.2729 H   0  0  0  0  0  0  0  0  0  0  0  0
   -1.6682    0.8061    0.1951 H   0  0  0  0  0  0  0  0  0  0  0  0
   -1.2352   -0.4566   -0.9971 H   0  0  0  0  0  0  0  0  0  0  0  0
   -3.2435   -0.1948   -0.7462 O   0  0  0  0  0  0  0  0  0  0  0  0
   -2.8957    3.5693   -2.6107 O   0  0  0  0  0  0  0  0  0  0  0  0
   -3.5110    2.6578   -0.6756 O   0  0  0  0  0  0  0  0  0  0  0  0
   -3.4912    4.3235   -2.4960 H   0  0  0  0  0  0  0  0  0  0  0  0
   -3.6470    0.0502    0.1270 H   0  0  0  0  0  0  0  0  0  0  0  0
   -0.2790    3.5051   -0.8988 H   0  0  0  0  0  0  0  0  0  0  0  0
  1  2  1  0  0  0  0
  1  3  1  0  0  0  0
  1  4  1  0  0  0  0
  1  5  1  0  0  0  0
  2  6  1  0  0  0  0
  2  7  1  0  0  0  0
  2  8  1  0  0  0  0
  3 12  1  0  0  0  0
  3 13  2  0  0  0  0
  4  9  1  0  0  0  0
  4 10  1  0  0  0  0
  4 11  1  0  0  0  0
  6 16  1  0  0  0  0
 11 15  1  0  0  0  0
 12 14  1  0  0  0  0
M  END
