
 OpenBabel05212315023D

 20 20  0  0  0  0  0  0  0  0999 V2000
   -0.6752    1.1642   -0.0476 C   0  0  0  0  0  0  0  0  0  0  0  0
   -1.3963   -0.0219    0.0001 C   0  0  0  0  0  0  0  0  0  0  0  0
   -0.7420   -1.2453    0.0268 C   0  0  0  0  0  0  0  0  0  0  0  0
    0.6556   -1.2906   -0.0116 C   0  0  0  0  0  0  0  0  0  0  0  0
    1.4008   -0.1113   -0.0765 C   0  0  0  0  0  0  0  0  0  0  0  0
    0.7227    1.1169   -0.0841 C   0  0  0  0  0  0  0  0  0  0  0  0
   -2.7588   -0.0283    0.0178 O   0  0  0  0  0  0  0  0  0  0  0  0
    2.8094   -0.0714   -0.1551 N   0  0  0  0  0  0  0  0  0  0  0  0
    3.6789   -1.1457   -0.1919 C   0  0  0  0  0  0  0  0  0  0  0  0
    3.3854   -2.3345   -0.1109 O   0  0  0  0  0  0  0  0  0  0  0  0
    5.1219   -0.7357   -0.3592 C   0  0  0  0  0  0  0  0  0  0  0  0
   -1.1760    2.1271   -0.0608 H   0  0  0  0  0  0  0  0  0  0  0  0
   -1.3127   -2.1690    0.0693 H   0  0  0  0  0  0  0  0  0  0  0  0
    1.1276   -2.2675    0.0041 H   0  0  0  0  0  0  0  0  0  0  0  0
    1.2708    2.0540   -0.1255 H   0  0  0  0  0  0  0  0  0  0  0  0
   -3.0769    0.8849   -0.0683 H   0  0  0  0  0  0  0  0  0  0  0  0
    3.2190    0.8518   -0.2101 H   0  0  0  0  0  0  0  0  0  0  0  0
    5.2407    0.3476   -0.4400 H   0  0  0  0  0  0  0  0  0  0  0  0
    5.5146   -1.1943   -1.2708 H   0  0  0  0  0  0  0  0  0  0  0  0
    5.6940   -1.0857    0.5047 H   0  0  0  0  0  0  0  0  0  0  0  0
  1  2  2  0  0  0  0
  1 12  1  0  0  0  0
  2  3  1  0  0  0  0
  2  7  1  0  0  0  0
  3  4  2  0  0  0  0
  3 13  1  0  0  0  0
  4  5  1  0  0  0  0
  4 14  1  0  0  0  0
  5  6  2  0  0  0  0
  5  8  1  0  0  0  0
  6  1  1  0  0  0  0
  6 15  1  0  0  0  0
  7 16  1  0  0  0  0
  8  9  1  0  0  0  0
  8 17  1  0  0  0  0
  9 10  2  0  0  0  0
  9 11  1  0  0  0  0
 11 18  1  0  0  0  0
 11 19  1  0  0  0  0
 11 20  1  0  0  0  0
M  END
