
 OpenBabel05232315063D

 20 20  0  0  0  0  0  0  0  0999 V2000
   -3.0709   -2.4742   -0.7225 C   0  0  0  0  0  0  0  0  0  0  0  0
   -2.5280   -1.3618    0.2041 C   0  0  0  0  0  0  0  0  0  0  0  0
   -1.0033   -1.5202    0.3676 C   0  0  0  0  0  0  0  0  0  0  0  0
   -2.8273   -0.0993   -0.3370 O   0  0  0  0  0  0  0  0  0  0  0  0
   -3.0240   -1.4657    1.1974 H   0  0  0  0  0  0  0  0  0  0  0  0
   -4.4648   -2.3715   -0.8742 O   0  0  0  0  0  0  0  0  0  0  0  0
   -2.3586   -2.4553   -2.0920 C   0  0  0  0  0  0  0  0  0  0  0  0
   -2.8612   -3.4569   -0.2443 H   0  0  0  0  0  0  0  0  0  0  0  0
   -0.8416   -2.6024   -1.9045 C   0  0  0  0  0  0  0  0  0  0  0  0
   -2.5711   -1.4975   -2.6163 H   0  0  0  0  0  0  0  0  0  0  0  0
   -2.7354   -3.2878   -2.7245 H   0  0  0  0  0  0  0  0  0  0  0  0
   -0.2987   -1.4880   -0.9983 C   0  0  0  0  0  0  0  0  0  0  0  0
   -0.3367   -2.5616   -2.8934 H   0  0  0  0  0  0  0  0  0  0  0  0
   -0.6213   -3.5907   -1.4437 H   0  0  0  0  0  0  0  0  0  0  0  0
   -0.4637   -0.5006   -1.4826 H   0  0  0  0  0  0  0  0  0  0  0  0
    0.7948   -1.6243   -0.8564 H   0  0  0  0  0  0  0  0  0  0  0  0
   -0.7871   -2.4924    0.8635 H   0  0  0  0  0  0  0  0  0  0  0  0
   -0.6062   -0.7104    1.0168 H   0  0  0  0  0  0  0  0  0  0  0  0
   -4.6570   -1.5382   -1.3783 H   0  0  0  0  0  0  0  0  0  0  0  0
   -2.7351    0.5586    0.4008 H   0  0  0  0  0  0  0  0  0  0  0  0
  1  2  1  0  0  0  0
  1  6  1  0  0  0  0
  1  7  1  0  0  0  0
  1  8  1  0  0  0  0
  2  3  1  0  0  0  0
  2  4  1  0  0  0  0
  2  5  1  0  0  0  0
  3 17  1  0  0  0  0
  3 18  1  0  0  0  0
  4 20  1  0  0  0  0
  6 19  1  0  0  0  0
  7  9  1  0  0  0  0
  7 10  1  0  0  0  0
  7 11  1  0  0  0  0
  9 12  1  0  0  0  0
  9 13  1  0  0  0  0
  9 14  1  0  0  0  0
 12  3  1  0  0  0  0
 12 15  1  0  0  0  0
 12 16  1  0  0  0  0
M  END
