
 OpenBabel05212315293D

 14 13  0  0  1  0  0  0  0  0999 V2000
   -0.9905    1.4750   -0.7763 Cl  0  0  0  0  0  0  0  0  0  0  0  0
    2.0168    0.7481    0.4808 Cl  0  0  0  0  0  0  0  0  0  0  0  0
   -0.7040    0.2226    0.4733 C   0  0  2  0  0  0  0  0  0  0  0  0
    0.6817   -0.4393    0.3386 C   0  0  1  0  0  0  0  0  0  0  0  0
   -1.8532   -0.7816    0.4432 C   0  0  0  0  0  0  0  0  0  0  0  0
    0.8492   -1.2247   -0.9596 C   0  0  0  0  0  0  0  0  0  0  0  0
   -0.7430    0.7505    1.4333 H   0  0  0  0  0  0  0  0  0  0  0  0
    0.8186   -1.1318    1.1769 H   0  0  0  0  0  0  0  0  0  0  0  0
   -1.6947   -1.5738    1.1823 H   0  0  0  0  0  0  0  0  0  0  0  0
   -1.9705   -1.2492   -0.5397 H   0  0  0  0  0  0  0  0  0  0  0  0
   -2.8013   -0.2890    0.6870 H   0  0  0  0  0  0  0  0  0  0  0  0
    0.7516   -0.5887   -1.8451 H   0  0  0  0  0  0  0  0  0  0  0  0
    1.8395   -1.6932   -0.9999 H   0  0  0  0  0  0  0  0  0  0  0  0
    0.1161   -2.0331   -1.0373 H   0  0  0  0  0  0  0  0  0  0  0  0
  1  3  1  0  0  0  0
  2  4  1  0  0  0  0
  3  4  1  0  0  0  0
  3  5  1  0  0  0  0
  3  7  1  1  0  0  0
  4  6  1  0  0  0  0
  4  8  1  1  0  0  0
  5  9  1  0  0  0  0
  5 10  1  0  0  0  0
  5 11  1  0  0  0  0
  6 12  1  0  0  0  0
  6 13  1  0  0  0  0
  6 14  1  0  0  0  0
M  END
