
 OpenBabel05212315383D

 24 24  0  0  0  0  0  0  0  0999 V2000
   -0.0177   -1.3843   -0.0093 C   0  0  0  0  0  0  0  0  0  0  0  0
   -1.1844   -0.6319   -0.1480 C   0  0  0  0  0  0  0  0  0  0  0  0
   -1.1538    0.7027   -0.1972 N   0  3  0  0  0  0  0  0  0  0  0  0
   -0.0164    1.4082   -0.1205 C   0  0  0  0  0  0  0  0  0  0  0  0
    1.1937    0.7130    0.0283 C   0  0  0  0  0  0  0  0  0  0  0  0
    1.2053   -0.6917    0.1383 C   0  0  0  0  0  0  0  0  0  0  0  0
   -2.0398    1.2017   -0.2873 H   0  0  0  0  0  0  0  0  0  0  0  0
   -0.1111    2.9017   -0.1986 C   0  0  0  0  0  0  0  0  0  0  0  0
    2.3960    1.3652    0.0919 O   0  0  0  0  0  0  0  0  0  0  0  0
    2.5567   -1.3465    0.3741 C   0  0  0  0  0  0  0  0  0  0  0  0
    2.4185   -2.6453    0.9360 O   0  0  0  0  0  0  0  0  0  0  0  0
   -0.2080   -2.8890    0.0283 C   0  0  0  0  0  0  0  0  0  0  0  0
    0.7677   -3.5717   -0.7291 O   0  0  0  0  0  0  0  0  0  0  0  0
   -2.1721   -1.0849   -0.2229 H   0  0  0  0  0  0  0  0  0  0  0  0
   -1.1558    3.2263   -0.1591 H   0  0  0  0  0  0  0  0  0  0  0  0
    0.3225    3.2546   -1.1357 H   0  0  0  0  0  0  0  0  0  0  0  0
    0.4122    3.3616    0.6439 H   0  0  0  0  0  0  0  0  0  0  0  0
    2.3475    2.2949   -0.1921 H   0  0  0  0  0  0  0  0  0  0  0  0
    3.1477   -0.7537    1.0801 H   0  0  0  0  0  0  0  0  0  0  0  0
    3.1094   -1.4122   -0.5716 H   0  0  0  0  0  0  0  0  0  0  0  0
    2.9535   -2.6624    1.7500 H   0  0  0  0  0  0  0  0  0  0  0  0
   -1.1679   -3.1489   -0.4338 H   0  0  0  0  0  0  0  0  0  0  0  0
   -0.2373   -3.2558    1.0607 H   0  0  0  0  0  0  0  0  0  0  0  0
    1.5684   -3.5864   -0.1592 H   0  0  0  0  0  0  0  0  0  0  0  0
  1  2  2  0  0  0  0
  1 12  1  0  0  0  0
  2  3  1  0  0  0  0
  2 14  1  0  0  0  0
  3  4  2  0  0  0  0
  3  7  1  0  0  0  0
  4  5  1  0  0  0  0
  4  8  1  0  0  0  0
  5  6  2  0  0  0  0
  5  9  1  0  0  0  0
  6  1  1  0  0  0  0
  6 10  1  0  0  0  0
  8 15  1  0  0  0  0
  8 16  1  0  0  0  0
  8 17  1  0  0  0  0
  9 18  1  0  0  0  0
 10 11  1  0  0  0  0
 10 19  1  0  0  0  0
 10 20  1  0  0  0  0
 11 21  1  0  0  0  0
 12 13  1  0  0  0  0
 12 22  1  0  0  0  0
 12 23  1  0  0  0  0
 13 24  1  0  0  0  0
M  CHG  1   3   1
M  END
