
 OpenBabel05212315383D

 24 24  0  0  0  0  0  0  0  0999 V2000
   -0.0109   -1.4269    0.0058 C   0  0  0  0  0  0  0  0  0  0  0  0
   -1.1857   -0.6733   -0.0731 C   0  0  0  0  0  0  0  0  0  0  0  0
   -1.1603    0.6597   -0.1471 N   0  3  0  0  0  0  0  0  0  0  0  0
   -0.0256    1.3607   -0.1590 C   0  0  0  0  0  0  0  0  0  0  0  0
    1.2030    0.6992   -0.0699 C   0  0  0  0  0  0  0  0  0  0  0  0
    1.2190   -0.7186    0.0799 C   0  0  0  0  0  0  0  0  0  0  0  0
   -2.0500    1.1479   -0.1845 H   0  0  0  0  0  0  0  0  0  0  0  0
   -0.0311    2.7290   -0.2457 O   0  0  0  0  0  0  0  0  0  0  0  0
    2.4890    1.4948   -0.1524 C   0  0  0  0  0  0  0  0  0  0  0  0
    2.5800   -1.3724    0.2905 C   0  0  0  0  0  0  0  0  0  0  0  0
    2.4777   -2.6877    0.8063 O   0  0  0  0  0  0  0  0  0  0  0  0
   -0.2346   -2.9232    0.0504 C   0  0  0  0  0  0  0  0  0  0  0  0
    0.7359   -3.6851   -0.6306 O   0  0  0  0  0  0  0  0  0  0  0  0
   -2.1718   -1.1239   -0.0897 H   0  0  0  0  0  0  0  0  0  0  0  0
   -0.9237    3.1008   -0.3091 H   0  0  0  0  0  0  0  0  0  0  0  0
    2.3162    2.5601   -0.3383 H   0  0  0  0  0  0  0  0  0  0  0  0
    3.0986    1.1293   -0.9868 H   0  0  0  0  0  0  0  0  0  0  0  0
    3.0538    1.4208    0.7797 H   0  0  0  0  0  0  0  0  0  0  0  0
    3.1766   -0.7994    1.0133 H   0  0  0  0  0  0  0  0  0  0  0  0
    3.1303   -1.3988   -0.6590 H   0  0  0  0  0  0  0  0  0  0  0  0
    2.7508   -2.6649    1.7412 H   0  0  0  0  0  0  0  0  0  0  0  0
   -1.1704   -3.1506   -0.4732 H   0  0  0  0  0  0  0  0  0  0  0  0
   -0.3572   -3.2665    1.0843 H   0  0  0  0  0  0  0  0  0  0  0  0
    1.5714   -3.5871   -0.1245 H   0  0  0  0  0  0  0  0  0  0  0  0
  1  2  2  0  0  0  0
  1 12  1  0  0  0  0
  2  3  1  0  0  0  0
  2 14  1  0  0  0  0
  3  4  2  0  0  0  0
  3  7  1  0  0  0  0
  4  5  1  0  0  0  0
  4  8  1  0  0  0  0
  5  6  2  0  0  0  0
  5  9  1  0  0  0  0
  6  1  1  0  0  0  0
  6 10  1  0  0  0  0
  8 15  1  0  0  0  0
  9 16  1  0  0  0  0
  9 17  1  0  0  0  0
  9 18  1  0  0  0  0
 10 11  1  0  0  0  0
 10 19  1  0  0  0  0
 10 20  1  0  0  0  0
 11 21  1  0  0  0  0
 12 13  1  0  0  0  0
 12 22  1  0  0  0  0
 12 23  1  0  0  0  0
 13 24  1  0  0  0  0
M  CHG  1   3   1
M  END
