
 OpenBabel05232315083D

 62 67  0  0  1  0  0  0  0  0999 V2000
   -2.2286    3.1182   -0.1325 C   0  0  0  0  0  0  0  0  0  0  0  0
   -1.3237    2.0216   -0.7271 C   0  0  1  0  0  0  0  0  0  0  0  0
   -0.1976    1.5950    0.2404 C   0  0  2  0  0  0  0  0  0  0  0  0
    0.6523    2.8574    0.5248 C   0  0  1  0  0  0  0  0  0  0  0  0
   -0.2218    3.9513    1.1401 C   0  0  2  0  0  0  0  0  0  0  0  0
   -1.3673    4.3578    0.1948 C   0  0  0  0  0  0  0  0  0  0  0  0
   -1.9839    0.7026   -1.0926 C   0  0  0  0  0  0  0  0  0  0  0  0
   -0.8196   -0.3355   -1.0546 C   0  0  1  0  0  0  0  0  0  0  0  0
    0.4351    0.4642   -0.5914 C   0  0  2  0  0  0  0  0  0  0  0  0
    1.8251    2.7786    1.5052 C   0  0  0  0  0  0  0  0  0  0  0  0
    1.9178    4.1989    2.1102 C   0  0  0  0  0  0  0  0  0  0  0  0
    0.8286    5.0179    1.4135 C   0  0  0  0  0  0  0  0  0  0  0  0
   -1.2178   -1.4434   -0.0544 C   0  0  0  0  0  0  0  0  0  0  0  0
   -0.0585   -2.3739    0.2156 C   0  0  0  0  0  0  0  0  0  0  0  0
    1.1009   -1.5898    0.8777 C   0  0  2  0  0  0  0  0  0  0  0  0
    1.6174   -0.3751    0.0259 C   0  0  1  0  0  0  0  0  0  0  0  0
    2.2602   -2.5465    1.1610 C   0  0  0  0  0  0  0  0  0  0  0  0
    2.8153   -3.1794   -0.1426 C   0  0  0  0  0  0  0  0  0  0  0  0
    2.8269   -2.2126   -1.3716 C   0  0  1  0  0  0  0  0  0  0  0  0
    2.8621   -0.7489   -0.8996 C   0  0  1  0  0  0  0  0  0  0  0  0
    4.0332   -2.5643   -2.2744 C   0  0  0  0  0  0  0  0  0  0  0  0
    4.1888   -1.5716   -3.4294 C   0  0  0  0  0  0  0  0  0  0  0  0
    4.3488   -0.1515   -2.8762 C   0  0  0  0  0  0  0  0  0  0  0  0
    3.1041    0.2318   -2.0727 C   0  0  0  0  0  0  0  0  0  0  0  0
   -2.7086    2.7439    0.7984 H   0  0  0  0  0  0  0  0  0  0  0  0
   -3.0258    3.3940   -0.8553 H   0  0  0  0  0  0  0  0  0  0  0  0
   -0.8689    2.4281   -1.6633 H   0  0  0  0  0  0  0  0  0  0  0  0
   -0.6206    1.1946    1.1906 H   0  0  0  0  0  0  0  0  0  0  0  0
    1.0538    3.2511   -0.4413 H   0  0  0  0  0  0  0  0  0  0  0  0
   -0.6556    3.5954    2.1056 H   0  0  0  0  0  0  0  0  0  0  0  0
   -0.9444    4.7617   -0.7520 H   0  0  0  0  0  0  0  0  0  0  0  0
   -1.9909    5.1491    0.6626 H   0  0  0  0  0  0  0  0  0  0  0  0
   -2.5690    0.7251   -2.0361 H   0  0  0  0  0  0  0  0  0  0  0  0
   -2.7057    0.4939   -0.2698 H   0  0  0  0  0  0  0  0  0  0  0  0
   -0.5973   -0.7916   -2.0446 H   0  0  0  0  0  0  0  0  0  0  0  0
    0.8234    1.0310   -1.4554 H   0  0  0  0  0  0  0  0  0  0  0  0
    2.7581    2.4519    0.9987 H   0  0  0  0  0  0  0  0  0  0  0  0
    1.5785    2.0800    2.3362 H   0  0  0  0  0  0  0  0  0  0  0  0
    2.9246    4.6664    2.0700 H   0  0  0  0  0  0  0  0  0  0  0  0
    1.6208    4.1131    3.1800 H   0  0  0  0  0  0  0  0  0  0  0  0
    1.2257    5.3847    0.4383 H   0  0  0  0  0  0  0  0  0  0  0  0
    0.4808    5.8949    1.9995 H   0  0  0  0  0  0  0  0  0  0  0  0
   -2.0770   -2.0182   -0.4649 H   0  0  0  0  0  0  0  0  0  0  0  0
   -1.5314   -1.0112    0.9226 H   0  0  0  0  0  0  0  0  0  0  0  0
    0.2181   -2.8616   -0.7363 H   0  0  0  0  0  0  0  0  0  0  0  0
   -0.3972   -3.1751    0.9090 H   0  0  0  0  0  0  0  0  0  0  0  0
    0.7064   -1.1822    1.8362 H   0  0  0  0  0  0  0  0  0  0  0  0
    2.1216    0.3248    0.7129 H   0  0  0  0  0  0  0  0  0  0  0  0
    1.9887   -3.3513    1.8782 H   0  0  0  0  0  0  0  0  0  0  0  0
    3.0587   -1.9401    1.6437 H   0  0  0  0  0  0  0  0  0  0  0  0
    3.8371   -3.5255    0.1279 H   0  0  0  0  0  0  0  0  0  0  0  0
    2.2443   -4.0842   -0.4437 H   0  0  0  0  0  0  0  0  0  0  0  0
    1.8972   -2.3096   -1.9699 H   0  0  0  0  0  0  0  0  0  0  0  0
    3.7746   -0.6959   -0.2580 H   0  0  0  0  0  0  0  0  0  0  0  0
    3.9198   -3.5945   -2.6753 H   0  0  0  0  0  0  0  0  0  0  0  0
    4.9687   -2.5278   -1.6721 H   0  0  0  0  0  0  0  0  0  0  0  0
    3.2989   -1.6207   -4.0945 H   0  0  0  0  0  0  0  0  0  0  0  0
    5.0867   -1.8392   -4.0270 H   0  0  0  0  0  0  0  0  0  0  0  0
    5.2517   -0.0924   -2.2287 H   0  0  0  0  0  0  0  0  0  0  0  0
    4.4779    0.5635   -3.7171 H   0  0  0  0  0  0  0  0  0  0  0  0
    2.2487    0.2011   -2.7809 H   0  0  0  0  0  0  0  0  0  0  0  0
    3.2244    1.2655   -1.6810 H   0  0  0  0  0  0  0  0  0  0  0  0
  1  2  1  0  0  0  0
  1 25  1  0  0  0  0
  1 26  1  0  0  0  0
  2  3  1  1  0  0  0
  2  7  1  0  0  0  0
  2 27  1  0  0  0  0
  3  4  1  1  0  0  0
  3 28  1  0  0  0  0
  4  5  1  1  0  0  0
  4 10  1  0  0  0  0
  4 29  1  0  0  0  0
  5  6  1  0  0  0  0
  5 30  1  1  0  0  0
  6  1  1  0  0  0  0
  6 31  1  0  0  0  0
  6 32  1  0  0  0  0
  7  8  1  0  0  0  0
  7 33  1  0  0  0  0
  7 34  1  0  0  0  0
  8  9  1  1  0  0  0
  8 13  1  0  0  0  0
  8 35  1  0  0  0  0
  9  3  1  1  0  0  0
  9 36  1  0  0  0  0
 10 11  1  0  0  0  0
 10 37  1  0  0  0  0
 10 38  1  0  0  0  0
 11 12  1  0  0  0  0
 11 39  1  0  0  0  0
 11 40  1  0  0  0  0
 12  5  1  0  0  0  0
 12 41  1  0  0  0  0
 12 42  1  0  0  0  0
 13 14  1  0  0  0  0
 13 43  1  0  0  0  0
 13 44  1  0  0  0  0
 14 15  1  0  0  0  0
 14 45  1  0  0  0  0
 14 46  1  0  0  0  0
 15 16  1  6  0  0  0
 15 17  1  0  0  0  0
 15 47  1  0  0  0  0
 16  9  1  6  0  0  0
 16 48  1  0  0  0  0
 17 18  1  0  0  0  0
 17 49  1  0  0  0  0
 17 50  1  0  0  0  0
 18 19  1  0  0  0  0
 18 51  1  0  0  0  0
 18 52  1  0  0  0  0
 19 20  1  1  0  0  0
 19 21  1  0  0  0  0
 19 53  1  0  0  0  0
 20 16  1  1  0  0  0
 20 54  1  0  0  0  0
 21 22  1  0  0  0  0
 21 55  1  0  0  0  0
 21 56  1  0  0  0  0
 22 23  1  0  0  0  0
 22 57  1  0  0  0  0
 22 58  1  0  0  0  0
 23 24  1  0  0  0  0
 23 59  1  0  0  0  0
 23 60  1  0  0  0  0
 24 20  1  0  0  0  0
 24 61  1  0  0  0  0
 24 62  1  0  0  0  0
M  END
