
 OpenBabel05232315073D

 62 67  0  0  1  0  0  0  0  0999 V2000
   -2.5667    2.4298    0.8569 C   0  0  1  0  0  0  0  0  0  0  0  0
   -1.9331    1.0398    0.5878 C   0  0  2  0  0  0  0  0  0  0  0  0
   -2.3560    0.2671    1.8729 C   0  0  0  0  0  0  0  0  0  0  0  0
   -3.0021    1.2840    2.8176 C   0  0  0  0  0  0  0  0  0  0  0  0
   -2.4167    2.6046    2.3655 C   0  0  0  0  0  0  0  0  0  0  0  0
   -2.0394    3.5689   -0.0109 C   0  0  0  0  0  0  0  0  0  0  0  0
   -0.5254    3.6342    0.0260 C   0  0  0  0  0  0  0  0  0  0  0  0
    0.0592    2.3051   -0.4798 C   0  0  2  0  0  0  0  0  0  0  0  0
   -0.3579    1.0971    0.4415 C   0  0  2  0  0  0  0  0  0  0  0  0
    1.5924    2.4679   -0.5510 C   0  0  0  0  0  0  0  0  0  0  0  0
    2.2462    1.2085   -1.0946 C   0  0  0  0  0  0  0  0  0  0  0  0
    1.8552    0.0349   -0.2034 C   0  0  1  0  0  0  0  0  0  0  0  0
    0.3244   -0.2128   -0.1480 C   0  0  1  0  0  0  0  0  0  0  0  0
    2.4618   -1.2843   -0.6462 C   0  0  0  0  0  0  0  0  0  0  0  0
    1.5024   -2.3388   -0.0952 C   0  0  2  0  0  0  0  0  0  0  0  0
    0.3699   -1.5714    0.6176 C   0  0  2  0  0  0  0  0  0  0  0  0
    2.0829   -3.3763    0.8704 C   0  0  0  0  0  0  0  0  0  0  0  0
    0.9898   -4.4164    1.1519 C   0  0  0  0  0  0  0  0  0  0  0  0
   -0.3402   -3.7948    1.6708 C   0  0  1  0  0  0  0  0  0  0  0  0
   -0.8234   -2.5426    0.8356 C   0  0  2  0  0  0  0  0  0  0  0  0
   -1.4088   -4.9361    1.7117 C   0  0  0  0  0  0  0  0  0  0  0  0
   -2.8072   -4.3815    1.4700 C   0  0  0  0  0  0  0  0  0  0  0  0
   -2.8896   -3.7574    0.0467 C   0  0  0  0  0  0  0  0  0  0  0  0
   -1.5893   -3.0273   -0.4018 C   0  0  0  0  0  0  0  0  0  0  0  0
   -3.6638    2.3753    0.6511 H   0  0  0  0  0  0  0  0  0  0  0  0
   -2.3549    0.6354   -0.3584 H   0  0  0  0  0  0  0  0  0  0  0  0
   -1.4472   -0.0990    2.3961 H   0  0  0  0  0  0  0  0  0  0  0  0
   -3.0855   -0.5504    1.6898 H   0  0  0  0  0  0  0  0  0  0  0  0
   -2.8938    1.0435    3.8966 H   0  0  0  0  0  0  0  0  0  0  0  0
   -4.0952    1.3191    2.5978 H   0  0  0  0  0  0  0  0  0  0  0  0
   -1.3496    2.6729    2.6679 H   0  0  0  0  0  0  0  0  0  0  0  0
   -2.9680    3.4784    2.7738 H   0  0  0  0  0  0  0  0  0  0  0  0
   -2.4794    4.5342    0.3214 H   0  0  0  0  0  0  0  0  0  0  0  0
   -2.3551    3.3936   -1.0631 H   0  0  0  0  0  0  0  0  0  0  0  0
   -0.1644    3.8574    1.0537 H   0  0  0  0  0  0  0  0  0  0  0  0
   -0.2020    4.4675   -0.6362 H   0  0  0  0  0  0  0  0  0  0  0  0
   -0.3209    2.1230   -1.5113 H   0  0  0  0  0  0  0  0  0  0  0  0
    0.0805    1.3150    1.4410 H   0  0  0  0  0  0  0  0  0  0  0  0
    1.9953    2.6823    0.4649 H   0  0  0  0  0  0  0  0  0  0  0  0
    1.8609    3.3189   -1.2148 H   0  0  0  0  0  0  0  0  0  0  0  0
    3.3505    1.3350   -1.1027 H   0  0  0  0  0  0  0  0  0  0  0  0
    1.9014    1.0290   -2.1372 H   0  0  0  0  0  0  0  0  0  0  0  0
    2.2165    0.2325    0.8353 H   0  0  0  0  0  0  0  0  0  0  0  0
   -0.0638   -0.3982   -1.1763 H   0  0  0  0  0  0  0  0  0  0  0  0
    3.5336   -1.4046   -0.3802 H   0  0  0  0  0  0  0  0  0  0  0  0
    2.3836   -1.3316   -1.7583 H   0  0  0  0  0  0  0  0  0  0  0  0
    1.1172   -2.8644   -0.9988 H   0  0  0  0  0  0  0  0  0  0  0  0
    0.7243   -1.2902    1.6394 H   0  0  0  0  0  0  0  0  0  0  0  0
    2.4221   -2.8873    1.8102 H   0  0  0  0  0  0  0  0  0  0  0  0
    2.9545   -3.8880    0.4087 H   0  0  0  0  0  0  0  0  0  0  0  0
    1.3628   -5.1784    1.8703 H   0  0  0  0  0  0  0  0  0  0  0  0
    0.7952   -4.9343    0.1869 H   0  0  0  0  0  0  0  0  0  0  0  0
   -0.1654   -3.3941    2.6950 H   0  0  0  0  0  0  0  0  0  0  0  0
   -1.5639   -2.0240    1.4348 H   0  0  0  0  0  0  0  0  0  0  0  0
   -1.3213   -5.4942    2.6688 H   0  0  0  0  0  0  0  0  0  0  0  0
   -1.2512   -5.6671    0.8872 H   0  0  0  0  0  0  0  0  0  0  0  0
   -2.9899   -3.6066    2.2465 H   0  0  0  0  0  0  0  0  0  0  0  0
   -3.5975   -5.1541    1.5820 H   0  0  0  0  0  0  0  0  0  0  0  0
   -3.7506   -3.0555    0.0692 H   0  0  0  0  0  0  0  0  0  0  0  0
   -3.1085   -4.5297   -0.7232 H   0  0  0  0  0  0  0  0  0  0  0  0
   -1.8580   -2.2127   -1.1073 H   0  0  0  0  0  0  0  0  0  0  0  0
   -0.9388   -3.7435   -0.9461 H   0  0  0  0  0  0  0  0  0  0  0  0
  1  2  1  6  0  0  0
  1  6  1  0  0  0  0
  1 25  1  0  0  0  0
  2  3  1  0  0  0  0
  2  9  1  6  0  0  0
  2 26  1  0  0  0  0
  3  4  1  0  0  0  0
  3 27  1  0  0  0  0
  3 28  1  0  0  0  0
  4  5  1  0  0  0  0
  4 29  1  0  0  0  0
  4 30  1  0  0  0  0
  5  1  1  0  0  0  0
  5 31  1  0  0  0  0
  5 32  1  0  0  0  0
  6  7  1  0  0  0  0
  6 33  1  0  0  0  0
  6 34  1  0  0  0  0
  7  8  1  0  0  0  0
  7 35  1  0  0  0  0
  7 36  1  0  0  0  0
  8  9  1  1  0  0  0
  8 10  1  0  0  0  0
  8 37  1  0  0  0  0
  9 13  1  6  0  0  0
  9 38  1  0  0  0  0
 10 11  1  0  0  0  0
 10 39  1  0  0  0  0
 10 40  1  0  0  0  0
 11 12  1  0  0  0  0
 11 41  1  0  0  0  0
 11 42  1  0  0  0  0
 12 13  1  1  0  0  0
 12 14  1  0  0  0  0
 12 43  1  0  0  0  0
 13 16  1  1  0  0  0
 13 44  1  0  0  0  0
 14 15  1  0  0  0  0
 14 45  1  0  0  0  0
 14 46  1  0  0  0  0
 15 16  1  1  0  0  0
 15 17  1  0  0  0  0
 15 47  1  0  0  0  0
 16 20  1  1  0  0  0
 16 48  1  0  0  0  0
 17 18  1  0  0  0  0
 17 49  1  0  0  0  0
 17 50  1  0  0  0  0
 18 19  1  0  0  0  0
 18 51  1  0  0  0  0
 18 52  1  0  0  0  0
 19 20  1  6  0  0  0
 19 21  1  0  0  0  0
 19 53  1  0  0  0  0
 20 54  1  1  0  0  0
 21 22  1  0  0  0  0
 21 55  1  0  0  0  0
 21 56  1  0  0  0  0
 22 23  1  0  0  0  0
 22 57  1  0  0  0  0
 22 58  1  0  0  0  0
 23 24  1  0  0  0  0
 23 59  1  0  0  0  0
 23 60  1  0  0  0  0
 24 20  1  0  0  0  0
 24 61  1  0  0  0  0
 24 62  1  0  0  0  0
M  END
