
 OpenBabel05212314373D

 21 21  0  0  1  0  0  0  0  0999 V2000
   -0.8969    1.0654    0.3280 C   0  0  0  0  0  0  0  0  0  0  0  0
   -1.4587   -0.1980    0.1657 C   0  0  0  0  0  0  0  0  0  0  0  0
   -0.6396   -1.2984   -0.0788 C   0  0  0  0  0  0  0  0  0  0  0  0
    0.7441   -1.1331   -0.1784 C   0  0  0  0  0  0  0  0  0  0  0  0
    1.3201    0.1352   -0.0224 C   0  0  0  0  0  0  0  0  0  0  0  0
    0.4872    1.2287    0.2460 C   0  0  0  0  0  0  0  0  0  0  0  0
    2.8142    0.3177   -0.1544 C   0  0  0  0  0  0  0  0  0  0  0  0
    3.2496    0.8085   -1.5410 C   0  0  1  0  0  0  0  0  0  0  0  0
    2.8745    2.2541   -1.8428 C   0  0  0  0  0  0  0  0  0  0  0  0
    5.2138    0.6743   -1.6422 Br  0  0  0  0  0  0  0  0  0  0  0  0
   -1.5337    1.9250    0.5181 H   0  0  0  0  0  0  0  0  0  0  0  0
   -2.5368   -0.3258    0.2325 H   0  0  0  0  0  0  0  0  0  0  0  0
   -1.0778   -2.2862   -0.1928 H   0  0  0  0  0  0  0  0  0  0  0  0
    1.3667   -2.0040   -0.3711 H   0  0  0  0  0  0  0  0  0  0  0  0
    0.9085    2.2217    0.3854 H   0  0  0  0  0  0  0  0  0  0  0  0
    3.1633    1.0036    0.6288 H   0  0  0  0  0  0  0  0  0  0  0  0
    3.2992   -0.6427    0.0700 H   0  0  0  0  0  0  0  0  0  0  0  0
    2.8799    0.1476   -2.3322 H   0  0  0  0  0  0  0  0  0  0  0  0
    3.1884    2.9268   -1.0366 H   0  0  0  0  0  0  0  0  0  0  0  0
    3.3437    2.6062   -2.7682 H   0  0  0  0  0  0  0  0  0  0  0  0
    1.7943    2.3623   -1.9746 H   0  0  0  0  0  0  0  0  0  0  0  0
  1  2  2  0  0  0  0
  1 11  1  0  0  0  0
  2  3  1  0  0  0  0
  2 12  1  0  0  0  0
  3  4  2  0  0  0  0
  3 13  1  0  0  0  0
  4  5  1  0  0  0  0
  4 14  1  0  0  0  0
  5  6  2  0  0  0  0
  5  7  1  0  0  0  0
  6  1  1  0  0  0  0
  6 15  1  0  0  0  0
  7  8  1  0  0  0  0
  7 16  1  0  0  0  0
  7 17  1  0  0  0  0
  8  9  1  0  0  0  0
  8 10  1  0  0  0  0
  8 18  1  6  0  0  0
  9 19  1  0  0  0  0
  9 20  1  0  0  0  0
  9 21  1  0  0  0  0
M  END
