
 OpenBabel05212314403D

 13 12  0  0  1  0  0  0  0  0999 V2000
    0.8878    0.1802   -0.6343 O   0  5  0  0  0  0  0  0  0  0  0  0
    2.0483   -0.0454   -0.1399 C   0  0  0  0  0  0  0  0  0  0  0  0
    3.1229    0.9903   -0.6322 C   0  0  1  0  0  0  0  0  0  0  0  0
    4.0368    0.4202   -1.7046 C   0  0  0  0  0  0  0  0  0  0  0  0
    5.3158   -0.2710   -1.2345 C   0  0  0  0  0  0  0  0  0  0  0  0
    5.9078    0.2292   -0.2356 O   0  5  0  0  0  0  0  0  0  0  0  0
    5.7239   -1.2012   -1.9984 O   0  0  0  0  0  0  0  0  0  0  0  0
    2.3934    2.1146   -1.2365 O   0  0  0  0  0  0  0  0  0  0  0  0
    2.3815   -0.9009    0.7212 O   0  0  0  0  0  0  0  0  0  0  0  0
    3.6650    1.3969    0.2258 H   0  0  0  0  0  0  0  0  0  0  0  0
    4.3699    1.2332   -2.3648 H   0  0  0  0  0  0  0  0  0  0  0  0
    3.4711   -0.2679   -2.3455 H   0  0  0  0  0  0  0  0  0  0  0  0
    1.4843    1.7277   -1.2928 H   0  0  0  0  0  0  0  0  0  0  0  0
  1  2  1  0  0  0  0
  2  9  2  0  0  0  0
  3  2  1  0  0  0  0
  3  4  1  0  0  0  0
  3  8  1  0  0  0  0
  3 10  1  1  0  0  0
  4  5  1  0  0  0  0
  4 11  1  0  0  0  0
  4 12  1  0  0  0  0
  5  6  1  0  0  0  0
  5  7  2  0  0  0  0
  8 13  1  0  0  0  0
M  CHG  2   1  -1   6  -1
M  END
