
 OpenBabel05212314493D

 35 35  0  0  1  0  0  0  0  0999 V2000
   -0.7443    1.2003    0.1925 C   0  0  0  0  0  0  0  0  0  0  0  0
   -1.4401    0.0076    0.0148 C   0  0  0  0  0  0  0  0  0  0  0  0
   -0.6936   -1.1770   -0.0382 C   0  0  0  0  0  0  0  0  0  0  0  0
    0.7093   -1.1541    0.0003 C   0  0  0  0  0  0  0  0  0  0  0  0
    1.4109    0.0586    0.0630 C   0  0  0  0  0  0  0  0  0  0  0  0
    0.6490    1.2290    0.1677 C   0  0  0  0  0  0  0  0  0  0  0  0
   -2.9442   -0.0481   -0.1500 C   0  0  0  0  0  0  0  0  0  0  0  0
   -3.6959    1.2960   -0.3163 C   0  0  0  0  0  0  0  0  0  0  0  0
   -3.3282    2.0390   -1.6086 C   0  0  0  0  0  0  0  0  0  0  0  0
   -5.2089    1.0605   -0.3093 C   0  0  0  0  0  0  0  0  0  0  0  0
    2.9276    0.1617   -0.0634 C   0  0  1  0  0  0  0  0  0  0  0  0
    3.5891    0.9031    1.1075 C   0  0  0  0  0  0  0  0  0  0  0  0
    3.6584   -1.1726   -0.2730 C   0  0  0  0  0  0  0  0  0  0  0  0
    4.1719    0.3129    2.0182 O   0  0  0  0  0  0  0  0  0  0  0  0
    3.4938    2.4113    1.1403 C   0  0  0  0  0  0  0  0  0  0  0  0
   -1.2594    2.1498    0.3018 H   0  0  0  0  0  0  0  0  0  0  0  0
   -1.2006   -2.1359   -0.1309 H   0  0  0  0  0  0  0  0  0  0  0  0
    1.2299   -2.1063   -0.0623 H   0  0  0  0  0  0  0  0  0  0  0  0
    1.1105    2.2098    0.1971 H   0  0  0  0  0  0  0  0  0  0  0  0
   -3.3472   -0.5714    0.7273 H   0  0  0  0  0  0  0  0  0  0  0  0
   -3.1646   -0.6748   -1.0255 H   0  0  0  0  0  0  0  0  0  0  0  0
   -3.4645    1.9401    0.5413 H   0  0  0  0  0  0  0  0  0  0  0  0
   -3.6500    1.4811   -2.4935 H   0  0  0  0  0  0  0  0  0  0  0  0
   -2.2552    2.2171   -1.7105 H   0  0  0  0  0  0  0  0  0  0  0  0
   -3.8146    3.0206   -1.6299 H   0  0  0  0  0  0  0  0  0  0  0  0
   -5.5223    0.4764   -1.1815 H   0  0  0  0  0  0  0  0  0  0  0  0
   -5.7440    2.0162   -0.3340 H   0  0  0  0  0  0  0  0  0  0  0  0
   -5.5218    0.5247    0.5920 H   0  0  0  0  0  0  0  0  0  0  0  0
    3.1295    0.7501   -0.9689 H   0  0  0  0  0  0  0  0  0  0  0  0
    3.5335   -1.8428    0.5856 H   0  0  0  0  0  0  0  0  0  0  0  0
    4.7343   -1.0074   -0.4018 H   0  0  0  0  0  0  0  0  0  0  0  0
    3.2963   -1.6915   -1.1672 H   0  0  0  0  0  0  0  0  0  0  0  0
    3.2864    2.8121    0.1446 H   0  0  0  0  0  0  0  0  0  0  0  0
    4.4460    2.8312    1.4736 H   0  0  0  0  0  0  0  0  0  0  0  0
    2.7013    2.7078    1.8327 H   0  0  0  0  0  0  0  0  0  0  0  0
  1  2  2  0  0  0  0
  1 16  1  0  0  0  0
  2  3  1  0  0  0  0
  2  7  1  0  0  0  0
  3  4  2  0  0  0  0
  3 17  1  0  0  0  0
  4  5  1  0  0  0  0
  4 18  1  0  0  0  0
  5  6  2  0  0  0  0
  5 11  1  0  0  0  0
  6  1  1  0  0  0  0
  6 19  1  0  0  0  0
  7  8  1  0  0  0  0
  7 20  1  0  0  0  0
  7 21  1  0  0  0  0
  8  9  1  0  0  0  0
  8 10  1  0  0  0  0
  8 22  1  0  0  0  0
  9 23  1  0  0  0  0
  9 24  1  0  0  0  0
  9 25  1  0  0  0  0
 10 26  1  0  0  0  0
 10 27  1  0  0  0  0
 10 28  1  0  0  0  0
 11 12  1  0  0  0  0
 11 13  1  0  0  0  0
 11 29  1  6  0  0  0
 12 14  2  0  0  0  0
 12 15  1  0  0  0  0
 13 30  1  0  0  0  0
 13 31  1  0  0  0  0
 13 32  1  0  0  0  0
 15 33  1  0  0  0  0
 15 34  1  0  0  0  0
 15 35  1  0  0  0  0
M  END
