
 OpenBabel05212314583D

 29 29  0  0  1  0  0  0  0  0999 V2000
    0.4764    1.5345    0.2292 C   0  0  0  0  0  0  0  0  0  0  0  0
    1.4885    0.4719   -0.1824 C   0  0  0  0  0  0  0  0  0  0  0  0
    1.0399   -0.9912   -0.2110 C   0  0  0  0  0  0  0  0  0  0  0  0
   -0.4095   -1.3101    0.0760 C   0  0  0  0  0  0  0  0  0  0  0  0
   -1.2862   -0.3151    0.3213 C   0  0  0  0  0  0  0  0  0  0  0  0
   -0.9888    1.1389    0.1902 C   0  0  0  0  0  0  0  0  0  0  0  0
   -0.9098   -2.7669    0.0541 C   0  0  1  0  0  0  0  0  0  0  0  0
   -1.6605   -3.1752   -1.2627 C   0  0  0  0  0  0  0  0  0  0  0  0
   -2.0878   -4.6527   -1.2852 C   0  0  0  0  0  0  0  0  0  0  0  0
    0.4360   -3.9529    0.4559 S   0  0  0  0  0  0  0  0  0  0  0  0
   -2.9306   -2.3395   -1.4969 C   0  0  0  0  0  0  0  0  0  0  0  0
    0.6200    2.4202   -0.4030 H   0  0  0  0  0  0  0  0  0  0  0  0
    0.7184    1.8719    1.2450 H   0  0  0  0  0  0  0  0  0  0  0  0
    2.3512    0.5568    0.4963 H   0  0  0  0  0  0  0  0  0  0  0  0
    1.8998    0.7320   -1.1695 H   0  0  0  0  0  0  0  0  0  0  0  0
    1.6652   -1.5056    0.5292 H   0  0  0  0  0  0  0  0  0  0  0  0
    1.3074   -1.4098   -1.1903 H   0  0  0  0  0  0  0  0  0  0  0  0
   -2.3228   -0.5519    0.5455 H   0  0  0  0  0  0  0  0  0  0  0  0
   -1.5169    1.6776    0.9865 H   0  0  0  0  0  0  0  0  0  0  0  0
   -1.4307    1.4816   -0.7542 H   0  0  0  0  0  0  0  0  0  0  0  0
   -1.6152   -2.8822    0.8882 H   0  0  0  0  0  0  0  0  0  0  0  0
   -0.9942   -3.0059   -2.1192 H   0  0  0  0  0  0  0  0  0  0  0  0
   -2.6677   -4.9129   -0.3949 H   0  0  0  0  0  0  0  0  0  0  0  0
   -1.2297   -5.3286   -1.3538 H   0  0  0  0  0  0  0  0  0  0  0  0
   -2.7123   -4.8663   -2.1636 H   0  0  0  0  0  0  0  0  0  0  0  0
    1.0889   -3.8278   -0.7102 H   0  0  0  0  0  0  0  0  0  0  0  0
   -3.5797   -2.3526   -0.6136 H   0  0  0  0  0  0  0  0  0  0  0  0
   -3.5130   -2.7280   -2.3396 H   0  0  0  0  0  0  0  0  0  0  0  0
   -2.6915   -1.3016   -1.7427 H   0  0  0  0  0  0  0  0  0  0  0  0
  1  2  1  0  0  0  0
  1 12  1  0  0  0  0
  1 13  1  0  0  0  0
  2  3  1  0  0  0  0
  2 14  1  0  0  0  0
  2 15  1  0  0  0  0
  3  4  1  0  0  0  0
  3 16  1  0  0  0  0
  3 17  1  0  0  0  0
  4  5  2  0  0  0  0
  4  7  1  0  0  0  0
  5  6  1  0  0  0  0
  5 18  1  0  0  0  0
  6  1  1  0  0  0  0
  6 19  1  0  0  0  0
  6 20  1  0  0  0  0
  7  8  1  0  0  0  0
  7 10  1  0  0  0  0
  7 21  1  1  0  0  0
  8  9  1  0  0  0  0
  8 11  1  0  0  0  0
  8 22  1  0  0  0  0
  9 23  1  0  0  0  0
  9 24  1  0  0  0  0
  9 25  1  0  0  0  0
 10 26  1  0  0  0  0
 11 27  1  0  0  0  0
 11 28  1  0  0  0  0
 11 29  1  0  0  0  0
M  END
