
 OpenBabel05212314583D

 27 27  0  0  1  0  0  0  0  0999 V2000
    0.6831    1.2507   -0.1984 C   0  0  0  0  0  0  0  0  0  0  0  0
    1.4366   -0.0013    0.2875 C   0  0  2  0  0  0  0  0  0  0  0  0
    0.7065   -1.2788   -0.1919 C   0  0  2  0  0  0  0  0  0  0  0  0
   -0.7748   -1.2829    0.2137 C   0  0  0  0  0  0  0  0  0  0  0  0
   -1.4963   -0.0241   -0.2634 C   0  0  0  0  0  0  0  0  0  0  0  0
   -0.7972    1.2555    0.2102 C   0  0  2  0  0  0  0  0  0  0  0  0
   -1.5040    2.4910   -0.3470 C   0  0  0  0  0  0  0  0  0  0  0  0
    1.3923   -2.5659    0.2686 C   0  0  0  0  0  0  0  0  0  0  0  0
    1.6663    0.0534    1.8029 C   0  0  0  0  0  0  0  0  0  0  0  0
    0.7556    1.2981   -1.2934 H   0  0  0  0  0  0  0  0  0  0  0  0
    1.1779    2.1537    0.1805 H   0  0  0  0  0  0  0  0  0  0  0  0
    2.4301    0.0149   -0.1812 H   0  0  0  0  0  0  0  0  0  0  0  0
    0.7445   -1.2770   -1.2909 H   0  0  0  0  0  0  0  0  0  0  0  0
   -0.8729   -1.3696    1.3025 H   0  0  0  0  0  0  0  0  0  0  0  0
   -1.2736   -2.1612   -0.2141 H   0  0  0  0  0  0  0  0  0  0  0  0
   -2.5306   -0.0408    0.1008 H   0  0  0  0  0  0  0  0  0  0  0  0
   -1.5482   -0.0356   -1.3598 H   0  0  0  0  0  0  0  0  0  0  0  0
   -0.8638    1.3039    1.3042 H   0  0  0  0  0  0  0  0  0  0  0  0
   -1.4814    2.5043   -1.4419 H   0  0  0  0  0  0  0  0  0  0  0  0
   -1.0245    3.4073    0.0130 H   0  0  0  0  0  0  0  0  0  0  0  0
   -2.5516    2.5144   -0.0294 H   0  0  0  0  0  0  0  0  0  0  0  0
    1.3130   -2.7063    1.3512 H   0  0  0  0  0  0  0  0  0  0  0  0
    2.4532   -2.5601   -0.0022 H   0  0  0  0  0  0  0  0  0  0  0  0
    0.9315   -3.4370   -0.2099 H   0  0  0  0  0  0  0  0  0  0  0  0
    0.7355   -0.0394    2.3696 H   0  0  0  0  0  0  0  0  0  0  0  0
    2.1368    1.0011    2.0865 H   0  0  0  0  0  0  0  0  0  0  0  0
    2.3388   -0.7466    2.1279 H   0  0  0  0  0  0  0  0  0  0  0  0
  1  2  1  0  0  0  0
  1 10  1  0  0  0  0
  1 11  1  0  0  0  0
  2  3  1  6  0  0  0
  2  9  1  0  0  0  0
  2 12  1  0  0  0  0
  3  4  1  0  0  0  0
  3  8  1  0  0  0  0
  3 13  1  6  0  0  0
  4  5  1  0  0  0  0
  4 14  1  0  0  0  0
  4 15  1  0  0  0  0
  5  6  1  0  0  0  0
  5 16  1  0  0  0  0
  5 17  1  0  0  0  0
  6  1  1  0  0  0  0
  6  7  1  0  0  0  0
  6 18  1  1  0  0  0
  7 19  1  0  0  0  0
  7 20  1  0  0  0  0
  7 21  1  0  0  0  0
  8 22  1  0  0  0  0
  8 23  1  0  0  0  0
  8 24  1  0  0  0  0
  9 25  1  0  0  0  0
  9 26  1  0  0  0  0
  9 27  1  0  0  0  0
M  END
