
 OpenBabel05212315063D

 27 27  0  0  1  0  0  0  0  0999 V2000
   -0.9378    4.2882   -8.8770 C   0  0  0  0  0  0  0  0  0  0  0  0
   -1.6683    5.2769   -7.9495 C   0  0  2  0  0  0  0  0  0  0  0  0
   -1.2960    6.7310   -8.3261 C   0  0  2  0  0  0  0  0  0  0  0  0
    0.2241    6.9498   -8.3476 C   0  0  0  0  0  0  0  0  0  0  0  0
    0.9280    5.9470   -9.2595 C   0  0  0  0  0  0  0  0  0  0  0  0
    0.5833    4.4977   -8.8973 C   0  0  2  0  0  0  0  0  0  0  0  0
    1.1907    3.5655   -9.9454 C   0  0  0  0  0  0  0  0  0  0  0  0
   -1.9963    7.5901   -7.2723 C   0  0  0  0  0  0  0  0  0  0  0  0
   -1.2290    5.0152   -6.5036 C   0  0  0  0  0  0  0  0  0  0  0  0
   -1.3325    4.4086   -9.8949 H   0  0  0  0  0  0  0  0  0  0  0  0
   -1.1688    3.2578   -8.5790 H   0  0  0  0  0  0  0  0  0  0  0  0
   -2.7457    5.1495   -8.1225 H   0  0  0  0  0  0  0  0  0  0  0  0
   -1.6654    6.9027   -9.3475 H   0  0  0  0  0  0  0  0  0  0  0  0
    0.6358    6.8734   -7.3340 H   0  0  0  0  0  0  0  0  0  0  0  0
    0.4473    7.9651   -8.6978 H   0  0  0  0  0  0  0  0  0  0  0  0
    2.0120    6.0999   -9.1956 H   0  0  0  0  0  0  0  0  0  0  0  0
    0.6423    6.1483  -10.3001 H   0  0  0  0  0  0  0  0  0  0  0  0
    0.9850    4.2837   -7.8990 H   0  0  0  0  0  0  0  0  0  0  0  0
    2.2733    3.4667   -9.8127 H   0  0  0  0  0  0  0  0  0  0  0  0
    0.6988    2.5910   -9.8579 H   0  0  0  0  0  0  0  0  0  0  0  0
    0.9569    3.9707  -10.9354 H   0  0  0  0  0  0  0  0  0  0  0  0
   -3.0857    7.5021   -7.3316 H   0  0  0  0  0  0  0  0  0  0  0  0
   -1.6345    7.2877   -6.2841 H   0  0  0  0  0  0  0  0  0  0  0  0
   -1.6869    8.6281   -7.4366 H   0  0  0  0  0  0  0  0  0  0  0  0
   -0.9232    3.9777   -6.3417 H   0  0  0  0  0  0  0  0  0  0  0  0
   -0.4041    5.6992   -6.2762 H   0  0  0  0  0  0  0  0  0  0  0  0
   -2.0600    5.2875   -5.8454 H   0  0  0  0  0  0  0  0  0  0  0  0
  1  2  1  0  0  0  0
  1 10  1  0  0  0  0
  1 11  1  0  0  0  0
  2  3  1  6  0  0  0
  2 12  1  0  0  0  0
  3  4  1  0  0  0  0
  3 13  1  6  0  0  0
  4  5  1  0  0  0  0
  4 14  1  0  0  0  0
  4 15  1  0  0  0  0
  5  6  1  0  0  0  0
  5 16  1  0  0  0  0
  5 17  1  0  0  0  0
  6  1  1  0  0  0  0
  6 18  1  1  0  0  0
  7 20  1  0  0  0  0
  7 21  1  0  0  0  0
  7 19  1  0  0  0  0
  7  6  1  0  0  0  0
  8 23  1  0  0  0  0
  8 24  1  0  0  0  0
  8 22  1  0  0  0  0
  8  3  1  0  0  0  0
  9 26  1  0  0  0  0
  9 27  1  0  0  0  0
  9 25  1  0  0  0  0
  9  2  1  0  0  0  0
M  END
