
 OpenBabel05212315113D

 22 22  0  0  1  0  0  0  0  0999 V2000
   -1.6907    1.5431   -0.1875 O   0  0  0  0  0  0  0  0  0  0  0  0
   -0.7026   -0.6627   -0.2828 C   0  0  1  0  0  0  0  0  0  0  0  0
   -0.6037    0.7586    0.2969 C   0  0  1  0  0  0  0  0  0  0  0  0
    0.5249   -1.4986    0.1052 C   0  0  0  0  0  0  0  0  0  0  0  0
    0.7093    1.4366   -0.0980 C   0  0  0  0  0  0  0  0  0  0  0  0
    1.8288   -0.8111   -0.2920 C   0  0  0  0  0  0  0  0  0  0  0  0
    1.9205    0.5966    0.2872 C   0  0  0  0  0  0  0  0  0  0  0  0
   -1.9864   -1.3625    0.1710 C   0  0  0  0  0  0  0  0  0  0  0  0
   -0.7480   -0.5903   -1.3783 H   0  0  0  0  0  0  0  0  0  0  0  0
   -0.6835    0.7197    1.3903 H   0  0  0  0  0  0  0  0  0  0  0  0
    0.4750   -2.4822   -0.3772 H   0  0  0  0  0  0  0  0  0  0  0  0
    0.5271   -1.6764    1.1883 H   0  0  0  0  0  0  0  0  0  0  0  0
    0.7737    2.4239    0.3754 H   0  0  0  0  0  0  0  0  0  0  0  0
    0.7153    1.6266   -1.1793 H   0  0  0  0  0  0  0  0  0  0  0  0
    1.8967   -0.7618   -1.3858 H   0  0  0  0  0  0  0  0  0  0  0  0
    2.6801   -1.4081    0.0543 H   0  0  0  0  0  0  0  0  0  0  0  0
    1.9927    0.5388    1.3802 H   0  0  0  0  0  0  0  0  0  0  0  0
    2.8356    1.0830   -0.0684 H   0  0  0  0  0  0  0  0  0  0  0  0
   -2.8741   -0.8131   -0.1585 H   0  0  0  0  0  0  0  0  0  0  0  0
   -2.0468   -2.3716   -0.2503 H   0  0  0  0  0  0  0  0  0  0  0  0
   -2.0266   -1.4488    1.2621 H   0  0  0  0  0  0  0  0  0  0  0  0
   -1.6109    2.4289    0.2055 H   0  0  0  0  0  0  0  0  0  0  0  0
  1  3  1  0  0  0  0
  1 22  1  0  0  0  0
  2  3  1  1  0  0  0
  2  4  1  0  0  0  0
  2  8  1  0  0  0  0
  2  9  1  0  0  0  0
  3  5  1  0  0  0  0
  3 10  1  1  0  0  0
  4  6  1  0  0  0  0
  4 11  1  0  0  0  0
  4 12  1  0  0  0  0
  5  7  1  0  0  0  0
  5 13  1  0  0  0  0
  5 14  1  0  0  0  0
  6  7  1  0  0  0  0
  6 15  1  0  0  0  0
  6 16  1  0  0  0  0
  7 17  1  0  0  0  0
  7 18  1  0  0  0  0
  8 19  1  0  0  0  0
  8 20  1  0  0  0  0
  8 21  1  0  0  0  0
M  END
