
 OpenBabel05212315133D

 22 22  0  0  1  0  0  0  0  0999 V2000
    1.6906    1.5434   -0.1871 O   0  0  0  0  0  0  0  0  0  0  0  0
    0.7028   -0.6627   -0.2828 C   0  0  2  0  0  0  0  0  0  0  0  0
    0.6034    0.7588    0.2968 C   0  0  2  0  0  0  0  0  0  0  0  0
   -0.5246   -1.4988    0.1055 C   0  0  0  0  0  0  0  0  0  0  0  0
   -0.7098    1.4366   -0.0982 C   0  0  0  0  0  0  0  0  0  0  0  0
   -1.8285   -0.8114   -0.2919 C   0  0  0  0  0  0  0  0  0  0  0  0
   -1.9208    0.5962    0.2871 C   0  0  0  0  0  0  0  0  0  0  0  0
    1.9871   -1.3621    0.1707 C   0  0  0  0  0  0  0  0  0  0  0  0
    0.7479   -0.5904   -1.3783 H   0  0  0  0  0  0  0  0  0  0  0  0
    0.6829    0.7198    1.3903 H   0  0  0  0  0  0  0  0  0  0  0  0
   -0.5268   -1.6762    1.1888 H   0  0  0  0  0  0  0  0  0  0  0  0
   -0.4745   -2.4825   -0.3765 H   0  0  0  0  0  0  0  0  0  0  0  0
   -0.7158    1.6265   -1.1795 H   0  0  0  0  0  0  0  0  0  0  0  0
   -0.7744    2.4239    0.3751 H   0  0  0  0  0  0  0  0  0  0  0  0
   -2.6797   -1.4085    0.0541 H   0  0  0  0  0  0  0  0  0  0  0  0
   -1.8962   -0.7623   -1.3857 H   0  0  0  0  0  0  0  0  0  0  0  0
   -2.8361    1.0823   -0.0687 H   0  0  0  0  0  0  0  0  0  0  0  0
   -1.9931    0.5385    1.3800 H   0  0  0  0  0  0  0  0  0  0  0  0
    2.0475   -2.3712   -0.2506 H   0  0  0  0  0  0  0  0  0  0  0  0
    2.8745   -0.8124   -0.1593 H   0  0  0  0  0  0  0  0  0  0  0  0
    2.0276   -1.4481    1.2619 H   0  0  0  0  0  0  0  0  0  0  0  0
    1.6103    2.4292    0.2056 H   0  0  0  0  0  0  0  0  0  0  0  0
  1  3  1  0  0  0  0
  1 22  1  0  0  0  0
  2  3  1  1  0  0  0
  2  4  1  0  0  0  0
  2  8  1  0  0  0  0
  2  9  1  0  0  0  0
  3  5  1  0  0  0  0
  3 10  1  1  0  0  0
  4  6  1  0  0  0  0
  4 11  1  0  0  0  0
  4 12  1  0  0  0  0
  5  7  1  0  0  0  0
  5 13  1  0  0  0  0
  5 14  1  0  0  0  0
  6  7  1  0  0  0  0
  6 15  1  0  0  0  0
  6 16  1  0  0  0  0
  7 17  1  0  0  0  0
  7 18  1  0  0  0  0
  8 19  1  0  0  0  0
  8 20  1  0  0  0  0
  8 21  1  0  0  0  0
M  END
