
 OpenBabel05232314303D

 12 11  0  0  0  0  0  0  0  0999 V2000
   -6.0422    1.9820    0.3637 C   0  0  0  0  0  0  0  0  0  0  0  0
   -3.5464    1.8929    0.3825 C   0  0  0  0  0  0  0  0  0  0  0  0
   -4.8459    0.2791    1.5493 O   0  0  0  0  0  0  0  0  0  0  0  0
   -2.7215    2.7015    0.7770 O   0  0  0  0  0  0  0  0  0  0  0  0
   -4.7949    1.6315    1.1794 C   0  0  2  0  0  0  0  0  0  0  0  0
   -3.3722    1.3595   -0.5468 H   0  0  0  0  0  0  0  0  0  0  0  0
   -4.2197    0.1664    2.3118 H   0  0  0  0  0  0  0  0  0  0  0  0
   -4.8064    2.2727    2.0927 H   0  0  0  0  0  0  0  0  0  0  0  0
   -6.1082    1.1892   -0.7905 O   0  0  0  0  0  0  0  0  0  0  0  0
   -6.0034    3.0589    0.0825 H   0  0  0  0  0  0  0  0  0  0  0  0
   -6.9412    1.7978    0.9939 H   0  0  0  0  0  0  0  0  0  0  0  0
   -6.9337    1.4655   -1.2670 H   0  0  0  0  0  0  0  0  0  0  0  0
  1  9  1  0  0  0  0
  1 10  1  0  0  0  0
  1 11  1  0  0  0  0
  2  4  2  0  0  0  0
  2  6  1  0  0  0  0
  3  7  1  0  0  0  0
  5  1  1  0  0  0  0
  5  2  1  0  0  0  0
  5  3  1  0  0  0  0
  5  8  1  1  0  0  0
  9 12  1  0  0  0  0
M  END
