
 OpenBabel05232314353D

 12 11  0  0  0  0  0  0  0  0999 V2000
   -7.3188    2.6322    0.4231 C   0  0  0  0  0  0  0  0  0  0  0  0
   -5.4181    2.3887    2.0763 C   0  0  0  0  0  0  0  0  0  0  0  0
   -7.2652    1.2867    2.1378 H   0  0  0  0  0  0  0  0  0  0  0  0
   -4.9672    3.2198    2.8485 O   0  0  0  0  0  0  0  0  0  0  0  0
   -6.9095    2.3025    1.8619 C   0  0  0  0  0  0  0  0  0  0  0  0
   -4.5719    1.5424    1.4499 O   0  0  0  0  0  0  0  0  0  0  0  0
   -7.4126    3.0366    2.5295 H   0  0  0  0  0  0  0  0  0  0  0  0
   -6.7869    1.6969   -0.4726 O   0  0  0  0  0  0  0  0  0  0  0  0
   -6.9613    3.6550    0.1670 H   0  0  0  0  0  0  0  0  0  0  0  0
   -8.4298    2.6025    0.3647 H   0  0  0  0  0  0  0  0  0  0  0  0
   -7.0914    1.9756   -1.3751 H   0  0  0  0  0  0  0  0  0  0  0  0
   -4.8905    0.8375    0.8706 H   0  0  0  0  0  0  0  0  0  0  0  0
  1  8  1  0  0  0  0
  1  9  1  0  0  0  0
  1 10  1  0  0  0  0
  2  4  2  0  0  0  0
  2  6  1  0  0  0  0
  5  1  1  0  0  0  0
  5  2  1  0  0  0  0
  5  3  1  0  0  0  0
  5  7  1  0  0  0  0
  6 12  1  0  0  0  0
  8 11  1  0  0  0  0
M  END
