
 OpenBabel05232314233D

 15 14  0  0  0  0  0  0  0  0999 V2000
   -6.2670    2.6345   -0.0678 C   0  0  0  0  0  0  0  0  0  0  0  0
   -5.0458    3.5841   -0.0524 C   0  0  2  0  0  0  0  0  0  0  0  0
   -7.4687    3.3634   -0.0784 O   0  0  0  0  0  0  0  0  0  0  0  0
   -6.2472    1.7522    1.0320 O   0  0  0  0  0  0  0  0  0  0  0  0
   -6.2514    2.0497   -1.0184 H   0  0  0  0  0  0  0  0  0  0  0  0
   -3.7597    2.8059   -0.1906 C   0  0  0  0  0  0  0  0  0  0  0  0
   -5.0065    4.4429    1.2214 C   0  0  0  0  0  0  0  0  0  0  0  0
   -5.1264    4.2614   -0.9312 H   0  0  0  0  0  0  0  0  0  0  0  0
   -2.6906    3.3922   -0.2575 O   0  0  0  0  0  0  0  0  0  0  0  0
   -3.7708    1.7220   -0.2471 H   0  0  0  0  0  0  0  0  0  0  0  0
   -7.7012    3.5841    0.8610 H   0  0  0  0  0  0  0  0  0  0  0  0
   -5.8370    0.9014    0.7269 H   0  0  0  0  0  0  0  0  0  0  0  0
   -4.9194    3.8037    2.1262 H   0  0  0  0  0  0  0  0  0  0  0  0
   -5.9227    5.0635    1.3053 H   0  0  0  0  0  0  0  0  0  0  0  0
   -4.1379    5.1351    1.1922 H   0  0  0  0  0  0  0  0  0  0  0  0
  1  2  1  0  0  0  0
  1  3  1  0  0  0  0
  1  4  1  0  0  0  0
  1  5  1  0  0  0  0
  2  6  1  0  0  0  0
  2  7  1  0  0  0  0
  2  8  1  6  0  0  0
  3 11  1  0  0  0  0
  4 12  1  0  0  0  0
  6  9  2  0  0  0  0
  6 10  1  0  0  0  0
  7 13  1  0  0  0  0
  7 14  1  0  0  0  0
  7 15  1  0  0  0  0
M  END
