
 OpenBabel05232314233D

 15 14  0  0  0  0  0  0  0  0999 V2000
   -6.2170    2.5520   -0.2028 C   0  0  0  0  0  0  0  0  0  0  0  0
   -5.0174    3.5128   -0.1035 C   0  0  0  0  0  0  0  0  0  0  0  0
   -7.4268    3.2632   -0.2176 O   0  0  0  0  0  0  0  0  0  0  0  0
   -3.7233    2.7432   -0.1976 C   0  0  0  0  0  0  0  0  0  0  0  0
   -5.0539    4.3450    1.1937 C   0  0  0  0  0  0  0  0  0  0  0  0
   -5.0658    4.2101   -0.9688 H   0  0  0  0  0  0  0  0  0  0  0  0
   -2.6547    3.3344   -0.2005 O   0  0  0  0  0  0  0  0  0  0  0  0
   -3.7294    1.6598   -0.2727 H   0  0  0  0  0  0  0  0  0  0  0  0
   -7.7466    3.3142    0.7206 H   0  0  0  0  0  0  0  0  0  0  0  0
   -4.9478    3.5269    2.3300 O   0  0  0  0  0  0  0  0  0  0  0  0
   -5.9765    4.9683    1.2403 H   0  0  0  0  0  0  0  0  0  0  0  0
   -4.2065    5.0636    1.2022 H   0  0  0  0  0  0  0  0  0  0  0  0
   -5.8705    3.2709    2.5906 H   0  0  0  0  0  0  0  0  0  0  0  0
   -6.2059    1.8018    0.6225 H   0  0  0  0  0  0  0  0  0  0  0  0
   -6.1524    1.9749   -1.1503 H   0  0  0  0  0  0  0  0  0  0  0  0
  1  2  1  0  0  0  0
  1  3  1  0  0  0  0
  1 14  1  0  0  0  0
  1 15  1  0  0  0  0
  2  4  1  0  0  0  0
  2  5  1  0  0  0  0
  2  6  1  0  0  0  0
  3  9  1  0  0  0  0
  4  7  2  0  0  0  0
  4  8  1  0  0  0  0
  5 10  1  0  0  0  0
  5 11  1  0  0  0  0
  5 12  1  0  0  0  0
 10 13  1  0  0  0  0
M  END
