
 OpenBabel05232314333D

 13 12  0  0  0  0  0  0  0  0999 V2000
   -3.2962    0.8705   -0.0094 C   0  0  0  0  0  0  0  0  0  0  0  0
   -2.0032    1.0119    0.1013 C   0  0  0  0  0  0  0  0  0  0  0  0
   -0.7032    1.1545    0.2123 C   0  0  0  0  0  0  0  0  0  0  0  0
   -0.0753    2.4939   -0.0537 C   0  0  0  0  0  0  0  0  0  0  0  0
    0.1457    0.0019    0.5978 C   0  0  0  0  0  0  0  0  0  0  0  0
   -3.9412    1.1096    0.8288 H   0  0  0  0  0  0  0  0  0  0  0  0
   -3.7246    0.5132   -0.9392 H   0  0  0  0  0  0  0  0  0  0  0  0
   -0.8351    3.2571   -0.3313 H   0  0  0  0  0  0  0  0  0  0  0  0
    0.6527    2.4045   -0.8872 H   0  0  0  0  0  0  0  0  0  0  0  0
    0.4558    2.8430    0.8567 H   0  0  0  0  0  0  0  0  0  0  0  0
    1.4824    0.1591    0.7088 O   0  0  0  0  0  0  0  0  0  0  0  0
   -0.3570   -1.0918    0.8162 O   0  0  0  0  0  0  0  0  0  0  0  0
    2.0545   -0.5803    0.9591 H   0  0  0  0  0  0  0  0  0  0  0  0
  1  2  2  0  0  0  0
  1  6  1  0  0  0  0
  1  7  1  0  0  0  0
  2  3  2  0  0  0  0
  3  4  1  0  0  0  0
  3  5  1  0  0  0  0
  4  8  1  0  0  0  0
  4  9  1  0  0  0  0
  4 10  1  0  0  0  0
  5 11  1  0  0  0  0
  5 12  2  0  0  0  0
 11 13  1  0  0  0  0
M  END
