
 OpenBabel06222313283D

 38 43  0  0  0  0  0  0  0  0999 V2000
   -0.8759    1.4445    0.2589 C   0  0  0  0  0  0  0  0  0  0  0  0
   -1.5367    0.7839   -0.7907 C   0  0  0  0  0  0  0  0  0  0  0  0
   -0.9863   -0.3661   -1.4476 C   0  0  0  0  0  0  0  0  0  0  0  0
    0.3707   -0.8458   -1.3283 C   0  0  0  0  0  0  0  0  0  0  0  0
    0.6627   -2.1296   -1.7707 C   0  0  0  0  0  0  0  0  0  0  0  0
   -0.2290   -2.9154   -2.4776 C   0  0  0  0  0  0  0  0  0  0  0  0
   -1.4810   -2.3949   -2.7772 C   0  0  0  0  0  0  0  0  0  0  0  0
   -1.8758   -1.1425   -2.2669 C   0  0  0  0  0  0  0  0  0  0  0  0
   -3.1648   -0.6823   -2.5587 C   0  0  0  0  0  0  0  0  0  0  0  0
   -3.6307    0.5085   -2.0266 C   0  0  0  0  0  0  0  0  0  0  0  0
   -2.8515    1.2260   -1.1199 C   0  0  0  0  0  0  0  0  0  0  0  0
   -3.3964    2.3638   -0.5009 C   0  0  0  0  0  0  0  0  0  0  0  0
   -2.6809    3.0375    0.4844 C   0  0  0  0  0  0  0  0  0  0  0  0
   -1.4344    2.5647    0.8797 C   0  0  0  0  0  0  0  0  0  0  0  0
    2.0174   -2.4861   -1.3858 C   0  0  0  0  0  0  0  0  0  0  0  0
    2.5812   -1.4164   -0.8517 C   0  0  0  0  0  0  0  0  0  0  0  0
    3.9123   -1.3276   -0.4115 C   0  0  0  0  0  0  0  0  0  0  0  0
    4.4089   -0.0836    0.0017 C   0  0  0  0  0  0  0  0  0  0  0  0
    3.5751    1.0346   -0.1052 C   0  0  0  0  0  0  0  0  0  0  0  0
    3.9052    2.3011    0.1338 C   0  0  0  0  0  0  0  0  0  0  0  0
    2.8219    3.1133   -0.1751 C   0  0  0  0  0  0  0  0  0  0  0  0
    1.7846    2.3157   -0.6147 C   0  0  0  0  0  0  0  0  0  0  0  0
    2.2574    0.9407   -0.5290 C   0  0  0  0  0  0  0  0  0  0  0  0
    1.6958   -0.3288   -0.8353 C   0  0  0  0  0  0  0  0  0  0  0  0
    0.0540    1.0792    0.6397 H   0  0  0  0  0  0  0  0  0  0  0  0
    0.0565   -3.8996   -2.8268 H   0  0  0  0  0  0  0  0  0  0  0  0
   -2.1672   -2.9888   -3.3699 H   0  0  0  0  0  0  0  0  0  0  0  0
   -3.8202   -1.2577   -3.2026 H   0  0  0  0  0  0  0  0  0  0  0  0
   -4.6353    0.8357   -2.2690 H   0  0  0  0  0  0  0  0  0  0  0  0
   -4.3890    2.7121   -0.7619 H   0  0  0  0  0  0  0  0  0  0  0  0
   -3.1108    3.9041    0.9699 H   0  0  0  0  0  0  0  0  0  0  0  0
   -0.8996    3.0600    1.6800 H   0  0  0  0  0  0  0  0  0  0  0  0
    2.5026   -3.4404   -1.5496 H   0  0  0  0  0  0  0  0  0  0  0  0
    4.5595   -2.1960   -0.4199 H   0  0  0  0  0  0  0  0  0  0  0  0
    5.4371    0.0164    0.3265 H   0  0  0  0  0  0  0  0  0  0  0  0
    4.8776    2.6426    0.4653 H   0  0  0  0  0  0  0  0  0  0  0  0
    2.7984    4.1937   -0.1254 H   0  0  0  0  0  0  0  0  0  0  0  0
    0.8420    2.6944   -0.9744 H   0  0  0  0  0  0  0  0  0  0  0  0
  1  2  2  0  0  0  0
  1 14  1  0  0  0  0
  1 25  1  0  0  0  0
  2  3  1  0  0  0  0
  2 11  1  0  0  0  0
  3  4  1  0  0  0  0
  3  8  2  0  0  0  0
  4  5  2  0  0  0  0
  4 24  1  0  0  0  0
  5  6  1  0  0  0  0
  5 15  1  0  0  0  0
  6  7  2  0  0  0  0
  6 26  1  0  0  0  0
  7  8  1  0  0  0  0
  7 27  1  0  0  0  0
  8  9  1  0  0  0  0
  9 10  2  0  0  0  0
  9 28  1  0  0  0  0
 10 11  1  0  0  0  0
 10 29  1  0  0  0  0
 11 12  2  0  0  0  0
 12 13  1  0  0  0  0
 12 30  1  0  0  0  0
 13 14  2  0  0  0  0
 13 31  1  0  0  0  0
 14 32  1  0  0  0  0
 15 16  2  0  0  0  0
 15 33  1  0  0  0  0
 16 17  1  0  0  0  0
 16 24  1  0  0  0  0
 17 18  2  0  0  0  0
 17 34  1  0  0  0  0
 18 19  1  0  0  0  0
 18 35  1  0  0  0  0
 19 20  2  0  0  0  0
 19 23  1  0  0  0  0
 20 21  1  0  0  0  0
 20 36  1  0  0  0  0
 21 22  2  0  0  0  0
 21 37  1  0  0  0  0
 22 23  1  0  0  0  0
 22 38  1  0  0  0  0
 23 24  2  0  0  0  0
M  END
>  <MOL Chiral Flag>
0

$$$$
