
 OpenBabel06222313293D

 38 43  0  0  0  0  0  0  0  0999 V2000
    0.6769   -2.0452   -0.9369 C   0  0  0  0  0  0  0  0  0  0  0  0
    1.3298   -3.2557   -1.0317 C   0  0  0  0  0  0  0  0  0  0  0  0
    2.6151   -3.0998   -0.5362 C   0  0  0  0  0  0  0  0  0  0  0  0
    2.7756   -1.8365   -0.1494 C   0  0  0  0  0  0  0  0  0  0  0  0
    3.9494   -1.2553    0.3036 C   0  0  0  0  0  0  0  0  0  0  0  0
    3.9657    0.1225    0.5153 C   0  0  0  0  0  0  0  0  0  0  0  0
    2.7934    0.8940    0.3457 C   0  0  0  0  0  0  0  0  0  0  0  0
    1.5306    0.2656    0.0395 C   0  0  0  0  0  0  0  0  0  0  0  0
    0.3626    1.1128   -0.0208 C   0  0  0  0  0  0  0  0  0  0  0  0
   -1.0000    0.9317   -0.0487 C   0  0  0  0  0  0  0  0  0  0  0  0
   -1.8701   -0.1779    0.2035 C   0  0  0  0  0  0  0  0  0  0  0  0
   -3.2726   -0.0179   -0.0357 C   0  0  0  0  0  0  0  0  0  0  0  0
   -3.7922    1.2272   -0.4333 C   0  0  0  0  0  0  0  0  0  0  0  0
   -2.9581    2.3379   -0.5244 C   0  0  0  0  0  0  0  0  0  0  0  0
   -1.5942    2.1729   -0.3135 C   0  0  0  0  0  0  0  0  0  0  0  0
   -0.6940    3.1325   -0.3153 C   0  0  0  0  0  0  0  0  0  0  0  0
    0.5657    2.4880   -0.0565 C   0  0  0  0  0  0  0  0  0  0  0  0
    1.7902    3.0960    0.1622 C   0  0  0  0  0  0  0  0  0  0  0  0
    2.8942    2.2952    0.4291 C   0  0  0  0  0  0  0  0  0  0  0  0
   -4.1538   -1.0895    0.1813 C   0  0  0  0  0  0  0  0  0  0  0  0
   -3.6816   -2.2949    0.6945 C   0  0  0  0  0  0  0  0  0  0  0  0
   -2.3372   -2.4290    1.0291 C   0  0  0  0  0  0  0  0  0  0  0  0
   -1.4450   -1.3781    0.8037 C   0  0  0  0  0  0  0  0  0  0  0  0
    1.6035   -1.1190   -0.2961 C   0  0  0  0  0  0  0  0  0  0  0  0
   -0.3149   -1.8598   -1.3179 H   0  0  0  0  0  0  0  0  0  0  0  0
    0.9183   -4.1531   -1.4739 H   0  0  0  0  0  0  0  0  0  0  0  0
    3.3861   -3.8598   -0.5294 H   0  0  0  0  0  0  0  0  0  0  0  0
    4.8574   -1.8370    0.4065 H   0  0  0  0  0  0  0  0  0  0  0  0
    4.9030    0.5993    0.7774 H   0  0  0  0  0  0  0  0  0  0  0  0
   -4.8561    1.3526   -0.5973 H   0  0  0  0  0  0  0  0  0  0  0  0
   -3.3710    3.3123   -0.7564 H   0  0  0  0  0  0  0  0  0  0  0  0
   -0.8763    4.1894   -0.4656 H   0  0  0  0  0  0  0  0  0  0  0  0
    1.8794    4.1749    0.1632 H   0  0  0  0  0  0  0  0  0  0  0  0
    3.8486    2.7669    0.6319 H   0  0  0  0  0  0  0  0  0  0  0  0
   -5.2138   -0.9802   -0.0160 H   0  0  0  0  0  0  0  0  0  0  0  0
   -4.3681   -3.1118    0.8758 H   0  0  0  0  0  0  0  0  0  0  0  0
   -1.9841   -3.3480    1.4790 H   0  0  0  0  0  0  0  0  0  0  0  0
   -0.4333   -1.5017    1.1397 H   0  0  0  0  0  0  0  0  0  0  0  0
  1  2  2  0  0  0  0
  1 24  1  0  0  0  0
  1 25  1  0  0  0  0
  2  3  1  0  0  0  0
  2 26  1  0  0  0  0
  3  4  2  0  0  0  0
  3 27  1  0  0  0  0
  4  5  1  0  0  0  0
  4 24  1  0  0  0  0
  5  6  2  0  0  0  0
  5 28  1  0  0  0  0
  6  7  1  0  0  0  0
  6 29  1  0  0  0  0
  7  8  1  0  0  0  0
  7 19  2  0  0  0  0
  8  9  1  0  0  0  0
  8 24  2  0  0  0  0
  9 10  2  0  0  0  0
  9 17  1  0  0  0  0
 10 11  1  0  0  0  0
 10 15  1  0  0  0  0
 11 12  2  0  0  0  0
 11 23  1  0  0  0  0
 12 13  1  0  0  0  0
 12 20  1  0  0  0  0
 13 14  2  0  0  0  0
 13 30  1  0  0  0  0
 14 15  1  0  0  0  0
 14 31  1  0  0  0  0
 15 16  2  0  0  0  0
 16 17  1  0  0  0  0
 16 32  1  0  0  0  0
 17 18  2  0  0  0  0
 18 19  1  0  0  0  0
 18 33  1  0  0  0  0
 19 34  1  0  0  0  0
 20 21  2  0  0  0  0
 20 35  1  0  0  0  0
 21 22  1  0  0  0  0
 21 36  1  0  0  0  0
 22 23  2  0  0  0  0
 22 37  1  0  0  0  0
 23 38  1  0  0  0  0
M  END
>  <MOL Chiral Flag>
0

$$$$
