
 OpenBabel06222315183D

 12 12  0  0  0  0  0  0  0  0999 V2000
   -0.7565    0.3277    0.5182 C   0  0  1  0  0  0  0  0  0  0  0  0
   -1.1622    0.7332    1.4715 H   0  0  0  0  0  0  0  0  0  0  0  0
    0.6260   -0.4335    0.6285 C   0  0  2  0  0  0  0  0  0  0  0  0
    1.0647   -0.4929    1.6491 H   0  0  0  0  0  0  0  0  0  0  0  0
    1.1517    0.7058   -0.1770 C   0  0  0  0  0  0  0  0  0  0  0  0
    0.0224    1.3276   -0.2671 C   0  0  0  0  0  0  0  0  0  0  0  0
    0.6589   -1.6353   -0.0928 O   0  0  0  0  0  0  0  0  0  0  0  0
   -1.6967   -0.3384   -0.2807 O   0  0  0  0  0  0  0  0  0  0  0  0
    1.6183   -1.8624   -0.2068 H   0  0  0  0  0  0  0  0  0  0  0  0
   -2.3797    0.3387   -0.5255 H   0  0  0  0  0  0  0  0  0  0  0  0
    2.1285    0.9593   -0.5748 H   0  0  0  0  0  0  0  0  0  0  0  0
   -0.2310    2.2585   -0.7630 H   0  0  0  0  0  0  0  0  0  0  0  0
  1  2  1  0  0  0  0
  1  3  1  1  0  0  0
  1  6  1  0  0  0  0
  1  8  1  0  0  0  0
  3  4  1  1  0  0  0
  3  5  1  0  0  0  0
  3  7  1  0  0  0  0
  5  6  2  0  0  0  0
  5 11  1  0  0  0  0
  6 12  1  0  0  0  0
  7  9  1  0  0  0  0
  8 10  1  0  0  0  0
M  END
>  <MOL Chiral Flag>
0

$$$$
