
 OpenBabel06222313333D

 16 16  0  0  0  0  0  0  0  0999 V2000
   -0.8028    0.0441    0.3930 C   0  0  0  0  0  0  0  0  0  0  0  0
    0.1081   -1.1937    0.3042 C   0  0  0  0  0  0  0  0  0  0  0  0
    1.3352   -0.7174   -0.4575 C   0  0  0  0  0  0  0  0  0  0  0  0
    1.5185    0.6757    0.1345 C   0  0  0  0  0  0  0  0  0  0  0  0
    0.1076    1.2257    0.0049 C   0  0  0  0  0  0  0  0  0  0  0  0
   -1.8756   -0.0562   -0.5053 O   0  0  0  0  0  0  0  0  0  0  0  0
   -1.1779    0.0949    1.4418 H   0  0  0  0  0  0  0  0  0  0  0  0
    0.4719   -1.4081    1.3366 H   0  0  0  0  0  0  0  0  0  0  0  0
   -0.3770   -2.1217   -0.0664 H   0  0  0  0  0  0  0  0  0  0  0  0
    2.2164   -1.3825   -0.3351 H   0  0  0  0  0  0  0  0  0  0  0  0
    1.0945   -0.6344   -1.5422 H   0  0  0  0  0  0  0  0  0  0  0  0
    1.7933    0.5933    1.2111 H   0  0  0  0  0  0  0  0  0  0  0  0
    2.2819    1.2922   -0.3861 H   0  0  0  0  0  0  0  0  0  0  0  0
   -0.0291    1.4221   -1.0846 H   0  0  0  0  0  0  0  0  0  0  0  0
   -0.1058    2.1748    0.5399 H   0  0  0  0  0  0  0  0  0  0  0  0
   -2.5041    0.6761   -0.2725 H   0  0  0  0  0  0  0  0  0  0  0  0
  1  2  1  0  0  0  0
  1  5  1  0  0  0  0
  1  6  1  0  0  0  0
  1  7  1  0  0  0  0
  2  3  1  0  0  0  0
  2  8  1  0  0  0  0
  2  9  1  0  0  0  0
  3  4  1  0  0  0  0
  3 10  1  0  0  0  0
  3 11  1  0  0  0  0
  4  5  1  0  0  0  0
  4 12  1  0  0  0  0
  4 13  1  0  0  0  0
  5 14  1  0  0  0  0
  5 15  1  0  0  0  0
  6 16  1  0  0  0  0
M  END
>  <MOL Chiral Flag>
0

$$$$
