
 OpenBabel06222313343D

 35 36  0  0  0  0  0  0  0  0999 V2000
   -0.4064    2.8102    0.0470 C   0  0  0  0  0  0  0  0  0  0  0  0
   -0.4311    1.5330   -0.5523 O   0  0  0  0  0  0  0  0  0  0  0  0
   -0.0033    0.5201    0.3499 C   0  0  0  0  0  0  0  0  0  0  0  0
   -1.1404   -0.5212    0.5301 C   0  0  0  0  0  0  0  0  0  0  0  0
   -2.4499    0.0561    1.1176 C   0  0  0  0  0  0  0  0  0  0  0  0
   -3.4825   -0.1067    0.0114 C   0  0  0  0  0  0  0  0  0  0  0  0
   -3.0616   -1.4364   -0.6024 C   0  0  0  0  0  0  0  0  0  0  0  0
   -1.5731   -1.1971   -0.7894 C   0  0  0  0  0  0  0  0  0  0  0  0
    1.2922   -0.1247   -0.2000 C   0  0  0  0  0  0  0  0  0  0  0  0
    2.4771    0.8510   -0.3574 C   0  0  0  0  0  0  0  0  0  0  0  0
    3.7270    0.0103   -0.0497 C   0  0  0  0  0  0  0  0  0  0  0  0
    3.2401   -1.4288   -0.0543 C   0  0  0  0  0  0  0  0  0  0  0  0
    1.8781   -1.2780    0.6136 C   0  0  0  0  0  0  0  0  0  0  0  0
   -0.7680    3.5501   -0.6959 H   0  0  0  0  0  0  0  0  0  0  0  0
   -1.0911    2.8657    0.9193 H   0  0  0  0  0  0  0  0  0  0  0  0
    0.6258    3.1072    0.3268 H   0  0  0  0  0  0  0  0  0  0  0  0
    0.2322    0.9130    1.3703 H   0  0  0  0  0  0  0  0  0  0  0  0
   -0.8079   -1.2998    1.2530 H   0  0  0  0  0  0  0  0  0  0  0  0
   -2.7764   -0.6383    1.9268 H   0  0  0  0  0  0  0  0  0  0  0  0
   -2.3909    1.0631    1.5774 H   0  0  0  0  0  0  0  0  0  0  0  0
   -4.5309   -0.0803    0.3774 H   0  0  0  0  0  0  0  0  0  0  0  0
   -3.3481    0.7036   -0.7417 H   0  0  0  0  0  0  0  0  0  0  0  0
   -3.2248   -2.2600    0.1300 H   0  0  0  0  0  0  0  0  0  0  0  0
   -3.5901   -1.6812   -1.5483 H   0  0  0  0  0  0  0  0  0  0  0  0
   -1.4946   -0.4628   -1.6235 H   0  0  0  0  0  0  0  0  0  0  0  0
   -0.9697   -2.0858   -1.0715 H   0  0  0  0  0  0  0  0  0  0  0  0
    1.0890   -0.5497   -1.2117 H   0  0  0  0  0  0  0  0  0  0  0  0
    2.4617    1.2609   -1.3907 H   0  0  0  0  0  0  0  0  0  0  0  0
    2.4664    1.6897    0.3715 H   0  0  0  0  0  0  0  0  0  0  0  0
    4.6154    0.2356   -0.6762 H   0  0  0  0  0  0  0  0  0  0  0  0
    4.0089    0.2184    1.0092 H   0  0  0  0  0  0  0  0  0  0  0  0
    3.1031   -1.7740   -1.1048 H   0  0  0  0  0  0  0  0  0  0  0  0
    3.9281   -2.1293    0.4651 H   0  0  0  0  0  0  0  0  0  0  0  0
    2.0125   -0.9712    1.6766 H   0  0  0  0  0  0  0  0  0  0  0  0
    1.2714   -2.2074    0.5763 H   0  0  0  0  0  0  0  0  0  0  0  0
  1  2  1  0  0  0  0
  1 14  1  0  0  0  0
  1 15  1  0  0  0  0
  1 16  1  0  0  0  0
  2  3  1  0  0  0  0
  3  4  1  0  0  0  0
  3  9  1  0  0  0  0
  3 17  1  0  0  0  0
  4  5  1  0  0  0  0
  4  8  1  0  0  0  0
  4 18  1  0  0  0  0
  5  6  1  0  0  0  0
  5 19  1  0  0  0  0
  5 20  1  0  0  0  0
  6  7  1  0  0  0  0
  6 21  1  0  0  0  0
  6 22  1  0  0  0  0
  7  8  1  0  0  0  0
  7 23  1  0  0  0  0
  7 24  1  0  0  0  0
  8 25  1  0  0  0  0
  8 26  1  0  0  0  0
  9 10  1  0  0  0  0
  9 13  1  0  0  0  0
  9 27  1  0  0  0  0
 10 11  1  0  0  0  0
 10 28  1  0  0  0  0
 10 29  1  0  0  0  0
 11 12  1  0  0  0  0
 11 30  1  0  0  0  0
 11 31  1  0  0  0  0
 12 13  1  0  0  0  0
 12 32  1  0  0  0  0
 12 33  1  0  0  0  0
 13 34  1  0  0  0  0
 13 35  1  0  0  0  0
M  END
