
 OpenBabel06222313353D

 22 23  0  0  0  0  0  0  0  0999 V2000
   -2.3687    0.0000    0.0000 Cl  0  0  0  0  0  0  0  0  0  0  0  0
   -0.5823    0.0000    0.0000 C   0  0  1  0  0  0  0  0  0  0  0  0
   -0.0412   -0.0384    1.4503 C   0  0  0  0  0  0  0  0  0  0  0  0
    1.5115   -0.0384    1.4491 C   0  0  0  0  0  0  0  0  0  0  0  0
    2.0511    0.0000    0.0000 C   0  0  1  0  0  0  0  0  0  0  0  0
    1.5115   -1.2358   -0.7578 C   0  0  0  0  0  0  0  0  0  0  0  0
   -0.0412   -1.2368   -0.7584 C   0  0  0  0  0  0  0  0  0  0  0  0
    1.5115    1.2742   -0.6913 C   0  0  0  0  0  0  0  0  0  0  0  0
   -0.0412    1.2752   -0.6919 C   0  0  0  0  0  0  0  0  0  0  0  0
   -0.4134    0.8430    2.0176 H   0  0  0  0  0  0  0  0  0  0  0  0
   -0.4134   -0.9486    1.9702 H   0  0  0  0  0  0  0  0  0  0  0  0
    1.8880    0.8428    2.0136 H   0  0  0  0  0  0  0  0  0  0  0  0
    1.8880   -0.9481    1.9661 H   0  0  0  0  0  0  0  0  0  0  0  0
    3.1627    0.0000    0.0000 H   0  0  0  0  0  0  0  0  0  0  0  0
    1.8880   -1.2286   -1.8042 H   0  0  0  0  0  0  0  0  0  0  0  0
    1.8880   -2.1652   -0.2769 H   0  0  0  0  0  0  0  0  0  0  0  0
   -0.4134   -2.1688   -0.2787 H   0  0  0  0  0  0  0  0  0  0  0  0
   -0.4134   -1.2319   -1.8066 H   0  0  0  0  0  0  0  0  0  0  0  0
    1.8880    2.1768   -0.1619 H   0  0  0  0  0  0  0  0  0  0  0  0
    1.8880    1.3224   -1.7366 H   0  0  0  0  0  0  0  0  0  0  0  0
   -0.4134    1.3258   -1.7389 H   0  0  0  0  0  0  0  0  0  0  0  0
   -0.4134    2.1806   -0.1635 H   0  0  0  0  0  0  0  0  0  0  0  0
  2  1  1  1  0  0  0
  2  3  1  0  0  0  0
  2  7  1  0  0  0  0
  2  9  1  0  0  0  0
  3  4  1  0  0  0  0
  3 10  1  0  0  0  0
  3 11  1  0  0  0  0
  4  5  1  0  0  0  0
  4 12  1  0  0  0  0
  4 13  1  0  0  0  0
  5  6  1  0  0  0  0
  5  8  1  0  0  0  0
  5 14  1  6  0  0  0
  6  7  1  0  0  0  0
  6 15  1  0  0  0  0
  6 16  1  0  0  0  0
  7 17  1  0  0  0  0
  7 18  1  0  0  0  0
  8  9  1  0  0  0  0
  8 19  1  0  0  0  0
  8 20  1  0  0  0  0
  9 21  1  0  0  0  0
  9 22  1  0  0  0  0
M  END
>  <MOL Chiral Flag>
0

$$$$
