
 OpenBabel06222313363D

 15 15  0  0  0  0  0  0  0  0999 V2000
   -2.7115   -0.6288    0.0046 Cl  0  0  0  0  0  0  0  0  0  0  0  0
   -0.9907   -0.2580    0.0041 C   0  0  0  0  0  0  0  0  0  0  0  0
   -0.5289    1.1495   -0.0711 C   0  0  0  0  0  0  0  0  0  0  0  0
    0.9213    1.4503   -0.0709 C   0  0  0  0  0  0  0  0  0  0  0  0
    1.8256    0.4524   -0.0026 C   0  0  0  0  0  0  0  0  0  0  0  0
    1.3563   -0.9587    0.0727 C   0  0  0  0  0  0  0  0  0  0  0  0
   -0.0946   -1.2550    0.0722 C   0  0  0  0  0  0  0  0  0  0  0  0
    2.1611   -1.8753    0.1351 O   0  0  0  0  0  0  0  0  0  0  0  0
    3.3012    0.7548   -0.0021 C   0  0  0  0  0  0  0  0  0  0  0  0
   -1.3387    2.0610   -0.1333 O   0  0  0  0  0  0  0  0  0  0  0  0
    1.2466    2.4856   -0.1264 H   0  0  0  0  0  0  0  0  0  0  0  0
   -0.4319   -2.2861    0.1273 H   0  0  0  0  0  0  0  0  0  0  0  0
    3.7590    0.3660    0.9315 H   0  0  0  0  0  0  0  0  0  0  0  0
    3.7808    0.2623   -0.8739 H   0  0  0  0  0  0  0  0  0  0  0  0
    3.5036    1.8457   -0.0623 H   0  0  0  0  0  0  0  0  0  0  0  0
  1  2  1  0  0  0  0
  2  3  1  0  0  0  0
  2  7  2  0  0  0  0
  3  4  1  0  0  0  0
  3 10  2  0  0  0  0
  4  5  2  0  0  0  0
  4 11  1  0  0  0  0
  5  6  1  0  0  0  0
  5  9  1  0  0  0  0
  6  7  1  0  0  0  0
  6  8  2  0  0  0  0
  7 12  1  0  0  0  0
  9 13  1  0  0  0  0
  9 14  1  0  0  0  0
  9 15  1  0  0  0  0
M  END
>  <MOL Chiral Flag>
0

$$$$
