
 OpenBabel06222313363D

 34 34  0  0  0  0  0  0  0  0999 V2000
   -3.5821    0.5675   -0.0021 C   0  0  0  0  0  0  0  0  0  0  0  0
   -4.4498   -0.2957   -0.9263 C   0  0  0  0  0  0  0  0  0  0  0  0
   -4.0390    0.4298    1.4544 C   0  0  0  0  0  0  0  0  0  0  0  0
   -2.1026    0.2208   -0.1422 C   0  0  0  0  0  0  0  0  0  0  0  0
   -1.2428    1.1621   -0.5923 C   0  0  0  0  0  0  0  0  0  0  0  0
    0.2476    0.9398   -0.6896 C   0  0  0  0  0  0  0  0  0  0  0  0
    0.7563   -0.3110    0.0826 C   0  0  1  0  0  0  0  0  0  0  0  0
   -0.1879   -1.4684   -0.2711 C   0  0  0  0  0  0  0  0  0  0  0  0
   -1.6059   -1.1653    0.2369 C   0  0  0  0  0  0  0  0  0  0  0  0
    2.2592   -0.6012   -0.2652 C   0  0  1  0  0  0  0  0  0  0  0  0
    3.2033    0.5108    0.1664 C   0  0  0  0  0  0  0  0  0  0  0  0
    2.8090    1.4516    0.8399 O   0  0  0  0  0  0  0  0  0  0  0  0
    4.5080    0.4404   -0.1767 O   0  0  0  0  0  0  0  0  0  0  0  0
    2.7749   -1.9053    0.3713 C   0  0  0  0  0  0  0  0  0  0  0  0
   -3.7497    1.6270   -0.3006 H   0  0  0  0  0  0  0  0  0  0  0  0
   -5.5131    0.0171   -0.8495 H   0  0  0  0  0  0  0  0  0  0  0  0
   -4.1259   -0.1660   -1.9811 H   0  0  0  0  0  0  0  0  0  0  0  0
   -4.3907   -1.3708   -0.6594 H   0  0  0  0  0  0  0  0  0  0  0  0
   -3.4286    1.0890    2.1081 H   0  0  0  0  0  0  0  0  0  0  0  0
   -5.1034    0.7332    1.5515 H   0  0  0  0  0  0  0  0  0  0  0  0
   -3.9412   -0.6187    1.8075 H   0  0  0  0  0  0  0  0  0  0  0  0
   -1.6214    2.1315   -0.9040 H   0  0  0  0  0  0  0  0  0  0  0  0
    0.4905    0.8730   -1.7721 H   0  0  0  0  0  0  0  0  0  0  0  0
    0.7458    1.8425   -0.2881 H   0  0  0  0  0  0  0  0  0  0  0  0
    0.6688   -0.1448    1.1808 H   0  0  0  0  0  0  0  0  0  0  0  0
   -0.1942   -1.6016   -1.3764 H   0  0  0  0  0  0  0  0  0  0  0  0
    0.1092   -2.4279    0.1955 H   0  0  0  0  0  0  0  0  0  0  0  0
   -1.6482   -1.2496    1.3439 H   0  0  0  0  0  0  0  0  0  0  0  0
   -2.2585   -1.9511   -0.1944 H   0  0  0  0  0  0  0  0  0  0  0  0
    2.3388   -0.7063   -1.3698 H   0  0  0  0  0  0  0  0  0  0  0  0
    5.1346    1.1271    0.0923 H   0  0  0  0  0  0  0  0  0  0  0  0
    2.6924   -1.8581    1.4786 H   0  0  0  0  0  0  0  0  0  0  0  0
    2.2264   -2.7919   -0.0008 H   0  0  0  0  0  0  0  0  0  0  0  0
    3.8394   -2.0748    0.1010 H   0  0  0  0  0  0  0  0  0  0  0  0
  1  2  1  0  0  0  0
  1  3  1  0  0  0  0
  1  4  1  0  0  0  0
  1 15  1  0  0  0  0
  2 16  1  0  0  0  0
  2 17  1  0  0  0  0
  2 18  1  0  0  0  0
  3 19  1  0  0  0  0
  3 20  1  0  0  0  0
  3 21  1  0  0  0  0
  4  5  2  0  0  0  0
  4  9  1  0  0  0  0
  5  6  1  0  0  0  0
  5 22  1  0  0  0  0
  6  7  1  0  0  0  0
  6 23  1  0  0  0  0
  6 24  1  0  0  0  0
  7  8  1  0  0  0  0
  7 10  1  0  0  0  0
  7 25  1  1  0  0  0
  8  9  1  0  0  0  0
  8 26  1  0  0  0  0
  8 27  1  0  0  0  0
  9 28  1  0  0  0  0
  9 29  1  0  0  0  0
 10 11  1  0  0  0  0
 10 14  1  0  0  0  0
 10 30  1  6  0  0  0
 11 12  2  0  0  0  0
 11 13  1  0  0  0  0
 13 31  1  0  0  0  0
 14 32  1  0  0  0  0
 14 33  1  0  0  0  0
 14 34  1  0  0  0  0
M  END
>  <MOL Chiral Flag>
0

$$$$
