
 OpenBabel06222313393D

 34 34  0  0  0  0  0  0  0  0999 V2000
    3.4784   -0.3498    0.2890 C   0  0  0  0  0  0  0  0  0  0  0  0
    4.1447   -1.5517   -0.4107 C   0  0  0  0  0  0  0  0  0  0  0  0
    4.4951    0.8092    0.2891 C   0  0  0  0  0  0  0  0  0  0  0  0
    2.1212    0.0547   -0.3855 C   0  0  1  0  0  0  0  0  0  0  0  0
    1.1164   -1.0941   -0.3830 C   0  0  0  0  0  0  0  0  0  0  0  0
   -0.1813   -0.9513   -0.0510 C   0  0  0  0  0  0  0  0  0  0  0  0
   -0.8213    0.3902    0.2942 C   0  0  1  0  0  0  0  0  0  0  0  0
    0.0988    1.5500   -0.1596 C   0  0  0  0  0  0  0  0  0  0  0  0
    1.5220    1.3035    0.3090 C   0  0  0  0  0  0  0  0  0  0  0  0
   -2.2443    0.5070   -0.3549 C   0  0  1  0  0  0  0  0  0  0  0  0
   -3.2190   -0.5483    0.1472 C   0  0  0  0  0  0  0  0  0  0  0  0
   -2.9166   -1.3069    1.0575 O   0  0  0  0  0  0  0  0  0  0  0  0
   -4.4478   -0.6319   -0.4076 O   0  0  0  0  0  0  0  0  0  0  0  0
   -2.8953    1.8816   -0.1111 C   0  0  0  0  0  0  0  0  0  0  0  0
    3.2871   -0.6326    1.3481 H   0  0  0  0  0  0  0  0  0  0  0  0
    5.1080   -1.7976    0.0858 H   0  0  0  0  0  0  0  0  0  0  0  0
    3.5283   -2.4681   -0.3484 H   0  0  0  0  0  0  0  0  0  0  0  0
    4.3463   -1.3206   -1.4788 H   0  0  0  0  0  0  0  0  0  0  0  0
    4.7114    1.1414   -0.7491 H   0  0  0  0  0  0  0  0  0  0  0  0
    4.1325    1.6730    0.8808 H   0  0  0  0  0  0  0  0  0  0  0  0
    5.4462    0.4863    0.7644 H   0  0  0  0  0  0  0  0  0  0  0  0
    2.3203    0.2903   -1.4545 H   0  0  0  0  0  0  0  0  0  0  0  0
    1.4392   -2.0819   -0.6845 H   0  0  0  0  0  0  0  0  0  0  0  0
   -0.7934   -1.8462   -0.0444 H   0  0  0  0  0  0  0  0  0  0  0  0
   -0.9359    0.4300    1.4004 H   0  0  0  0  0  0  0  0  0  0  0  0
    0.1040    1.6403   -1.2690 H   0  0  0  0  0  0  0  0  0  0  0  0
   -0.2564    2.5068    0.2768 H   0  0  0  0  0  0  0  0  0  0  0  0
    1.5000    1.1645    1.4133 H   0  0  0  0  0  0  0  0  0  0  0  0
    2.1362    2.1980    0.0749 H   0  0  0  0  0  0  0  0  0  0  0  0
   -2.1291    0.3713   -1.4533 H   0  0  0  0  0  0  0  0  0  0  0  0
   -5.0914   -1.2874   -0.1032 H   0  0  0  0  0  0  0  0  0  0  0  0
   -3.0134    2.0693    0.9779 H   0  0  0  0  0  0  0  0  0  0  0  0
   -2.3013    2.7015   -0.5614 H   0  0  0  0  0  0  0  0  0  0  0  0
   -3.8963    1.9282   -0.5913 H   0  0  0  0  0  0  0  0  0  0  0  0
  1  2  1  0  0  0  0
  1  3  1  0  0  0  0
  1  4  1  0  0  0  0
  1 15  1  0  0  0  0
  2 16  1  0  0  0  0
  2 17  1  0  0  0  0
  2 18  1  0  0  0  0
  3 19  1  0  0  0  0
  3 20  1  0  0  0  0
  3 21  1  0  0  0  0
  4  5  1  0  0  0  0
  4  9  1  0  0  0  0
  4 22  1  6  0  0  0
  5  6  2  0  0  0  0
  5 23  1  0  0  0  0
  6  7  1  0  0  0  0
  6 24  1  0  0  0  0
  7  8  1  0  0  0  0
  7 10  1  0  0  0  0
  7 25  1  1  0  0  0
  8  9  1  0  0  0  0
  8 26  1  0  0  0  0
  8 27  1  0  0  0  0
  9 28  1  0  0  0  0
  9 29  1  0  0  0  0
 10 11  1  0  0  0  0
 10 14  1  0  0  0  0
 10 30  1  6  0  0  0
 11 12  2  0  0  0  0
 11 13  1  0  0  0  0
 13 31  1  0  0  0  0
 14 32  1  0  0  0  0
 14 33  1  0  0  0  0
 14 34  1  0  0  0  0
M  END
>  <MOL Chiral Flag>
0

$$$$
