
 OpenBabel06222313403D

 10  9  0  0  0  0  0  0  0  0999 V2000
    1.9469    0.1066   -0.0547 N   0  0  0  0  0  0  0  0  0  0  0  0
    0.7637   -0.7485   -0.0037 C   0  0  0  0  0  0  0  0  0  0  0  0
   -0.5058    0.0583   -0.0172 C   0  0  0  0  0  0  0  0  0  0  0  0
   -0.4697    1.2800   -0.0647 O   0  0  0  0  0  0  0  0  0  0  0  0
   -1.6950   -0.5784    0.0214 O   0  0  0  0  0  0  0  0  0  0  0  0
    1.9914    0.6831    0.8172 H   0  0  0  0  0  0  0  0  0  0  0  0
    2.7956   -0.5038   -0.0736 H   0  0  0  0  0  0  0  0  0  0  0  0
    0.7626   -1.4216   -0.8879 H   0  0  0  0  0  0  0  0  0  0  0  0
    0.7915   -1.3705    0.9178 H   0  0  0  0  0  0  0  0  0  0  0  0
   -2.5276   -0.0850    0.0136 H   0  0  0  0  0  0  0  0  0  0  0  0
  1  2  1  0  0  0  0
  1  6  1  0  0  0  0
  1  7  1  0  0  0  0
  2  3  1  0  0  0  0
  2  8  1  0  0  0  0
  2  9  1  0  0  0  0
  3  4  2  0  0  0  0
  3  5  1  0  0  0  0
  5 10  1  0  0  0  0
M  END
>  <MOL Chiral Flag>
0

$$$$
