
 OpenBabel06222313403D

 10  9  0  0  0  0  0  0  0  0999 V2000
    1.8633   -0.1187    0.0000 O   0  0  0  0  0  0  0  0  0  0  0  0
    0.7520    0.7353    0.0000 C   0  0  0  0  0  0  0  0  0  0  0  0
   -0.5248   -0.0602    0.0000 C   0  0  0  0  0  0  0  0  0  0  0  0
   -0.4896   -1.2823    0.0000 O   0  0  0  0  0  0  0  0  0  0  0  0
   -1.7182    0.5768    0.0000 N   0  0  0  0  0  0  0  0  0  0  0  0
    2.6622    0.4700   -0.0000 H   0  0  0  0  0  0  0  0  0  0  0  0
    0.7696    1.3727    0.9116 H   0  0  0  0  0  0  0  0  0  0  0  0
    0.7696    1.3727   -0.9116 H   0  0  0  0  0  0  0  0  0  0  0  0
   -1.7612    1.6065    0.0000 H   0  0  0  0  0  0  0  0  0  0  0  0
   -2.5973    0.0383    0.0000 H   0  0  0  0  0  0  0  0  0  0  0  0
  1  2  1  0  0  0  0
  1  6  1  0  0  0  0
  2  3  1  0  0  0  0
  2  7  1  0  0  0  0
  2  8  1  0  0  0  0
  3  4  2  0  0  0  0
  3  5  1  0  0  0  0
  5  9  1  0  0  0  0
  5 10  1  0  0  0  0
M  END
>  <MOL Chiral Flag>
0

$$$$
