
 OpenBabel06222313013D

 27 28  0  0  0  0  0  0  0  0999 V2000
   -1.3525    0.7651   -1.0421 C   0  0  0  0  0  0  0  0  0  0  0  0
   -2.0616    0.0386    0.0634 C   0  0  0  0  0  0  0  0  0  0  0  0
   -1.7336   -1.4113    0.2671 C   0  0  0  0  0  0  0  0  0  0  0  0
   -0.2208   -1.5402    0.4907 C   0  0  0  0  0  0  0  0  0  0  0  0
    0.5676   -0.8705   -0.6736 C   0  0  2  0  0  0  0  0  0  0  0  0
    0.2967   -1.4199   -1.6033 H   0  0  0  0  0  0  0  0  0  0  0  0
    2.0964   -0.9865   -0.4855 C   0  0  0  0  0  0  0  0  0  0  0  0
    2.5993   -0.1299    0.6892 C   0  0  0  0  0  0  0  0  0  0  0  0
    2.2015    1.3392    0.4867 C   0  0  0  0  0  0  0  0  0  0  0  0
    0.6783    1.4795    0.3449 C   0  0  0  0  0  0  0  0  0  0  0  0
    0.1725    0.6309   -0.8476 C   0  0  2  0  0  0  0  0  0  0  0  0
    0.6667    1.0322   -1.7612 H   0  0  0  0  0  0  0  0  0  0  0  0
   -2.8494    0.6172    0.7956 O   0  0  0  0  0  0  0  0  0  0  0  0
   -1.6359    0.2771   -2.0000 H   0  0  0  0  0  0  0  0  0  0  0  0
   -1.6538    1.8340   -1.0980 H   0  0  0  0  0  0  0  0  0  0  0  0
   -2.2900   -1.8374    1.1299 H   0  0  0  0  0  0  0  0  0  0  0  0
   -2.0205   -1.9713   -0.6493 H   0  0  0  0  0  0  0  0  0  0  0  0
    0.0233   -1.0694    1.4636 H   0  0  0  0  0  0  0  0  0  0  0  0
    0.0473   -2.6163    0.5644 H   0  0  0  0  0  0  0  0  0  0  0  0
    2.3866   -2.0492   -0.3382 H   0  0  0  0  0  0  0  0  0  0  0  0
    2.5944   -0.6271   -1.4134 H   0  0  0  0  0  0  0  0  0  0  0  0
    2.1816   -0.5020    1.6475 H   0  0  0  0  0  0  0  0  0  0  0  0
    3.7057   -0.2073    0.7563 H   0  0  0  0  0  0  0  0  0  0  0  0
    2.5555    1.9449    1.3483 H   0  0  0  0  0  0  0  0  0  0  0  0
    2.6920    1.7278   -0.4331 H   0  0  0  0  0  0  0  0  0  0  0  0
    0.1908    1.1707    1.2931 H   0  0  0  0  0  0  0  0  0  0  0  0
    0.4291    2.5494    0.1753 H   0  0  0  0  0  0  0  0  0  0  0  0
  1  2  1  0  0  0  0
  1 11  1  0  0  0  0
  1 14  1  0  0  0  0
  1 15  1  0  0  0  0
  2  3  1  0  0  0  0
  2 13  2  0  0  0  0
  3  4  1  0  0  0  0
  3 16  1  0  0  0  0
  3 17  1  0  0  0  0
  4  5  1  0  0  0  0
  4 18  1  0  0  0  0
  4 19  1  0  0  0  0
  5  6  1  0  0  0  0
  5  7  1  0  0  0  0
  5 11  1  6  0  0  0
  7  8  1  0  0  0  0
  7 20  1  0  0  0  0
  7 21  1  0  0  0  0
  8  9  1  0  0  0  0
  8 22  1  0  0  0  0
  8 23  1  0  0  0  0
  9 10  1  0  0  0  0
  9 24  1  0  0  0  0
  9 25  1  0  0  0  0
 10 11  1  0  0  0  0
 10 26  1  0  0  0  0
 10 27  1  0  0  0  0
 11 12  1  6  0  0  0
M  END
>  <MOL Chiral Flag>
0

$$$$
