
 OpenBabel06222313013D

 20 19  0  0  0  0  0  0  0  0999 V2000
    2.9102   -0.7803   -0.2530 C   0  0  0  0  0  0  0  0  0  0  0  0
    1.9636   -0.1348    0.4357 C   0  0  0  0  0  0  0  0  0  0  0  0
    0.7571    0.4707   -0.2456 C   0  0  1  0  0  0  0  0  0  0  0  0
    0.8151    0.2930   -1.3428 H   0  0  0  0  0  0  0  0  0  0  0  0
   -0.5518   -0.1732    0.2753 C   0  0  1  0  0  0  0  0  0  0  0  0
   -0.6227    0.0233    1.3683 H   0  0  0  0  0  0  0  0  0  0  0  0
   -1.7982    0.4341   -0.4026 C   0  0  0  0  0  0  0  0  0  0  0  0
   -3.0924   -0.1473    0.1635 C   0  0  0  0  0  0  0  0  0  0  0  0
   -0.5207   -1.5685    0.0910 O   0  0  0  0  0  0  0  0  0  0  0  0
    0.7519    1.8623   -0.0433 O   0  0  0  0  0  0  0  0  0  0  0  0
    3.7635   -1.2038    0.2666 H   0  0  0  0  0  0  0  0  0  0  0  0
    2.8421   -0.8905   -1.3309 H   0  0  0  0  0  0  0  0  0  0  0  0
    2.0634   -0.0432    1.5135 H   0  0  0  0  0  0  0  0  0  0  0  0
   -1.8147    1.5333   -0.2391 H   0  0  0  0  0  0  0  0  0  0  0  0
   -1.7623    0.2440   -1.4976 H   0  0  0  0  0  0  0  0  0  0  0  0
   -3.1625    0.0606    1.2525 H   0  0  0  0  0  0  0  0  0  0  0  0
   -3.9627    0.3203   -0.3434 H   0  0  0  0  0  0  0  0  0  0  0  0
   -3.1354   -1.2444   -0.0023 H   0  0  0  0  0  0  0  0  0  0  0  0
   -0.4461   -1.7419   -0.8841 H   0  0  0  0  0  0  0  0  0  0  0  0
    0.6533    2.0273    0.9315 H   0  0  0  0  0  0  0  0  0  0  0  0
  1  2  2  0  0  0  0
  1 11  1  0  0  0  0
  1 12  1  0  0  0  0
  2  3  1  0  0  0  0
  2 13  1  0  0  0  0
  3  4  1  6  0  0  0
  3  5  1  0  0  0  0
  3 10  1  0  0  0  0
  5  6  1  1  0  0  0
  5  7  1  0  0  0  0
  5  9  1  0  0  0  0
  7  8  1  0  0  0  0
  7 14  1  0  0  0  0
  7 15  1  0  0  0  0
  8 16  1  0  0  0  0
  8 17  1  0  0  0  0
  8 18  1  0  0  0  0
  9 19  1  0  0  0  0
 10 20  1  0  0  0  0
M  END
>  <MOL Chiral Flag>
0

$$$$
