
 OpenBabel06222313003D

 20 20  0  0  0  0  0  0  0  0999 V2000
    1.4164    0.9319    0.0400 Br  0  0  0  0  0  0  0  0  0  0  0  0
    0.2612   -0.2346   -1.0204 C   0  0  1  0  0  0  0  0  0  0  0  0
    0.7470   -0.3283   -2.0158 H   0  0  0  0  0  0  0  0  0  0  0  0
    0.1265   -1.6370   -0.3904 C   0  0  2  0  0  0  0  0  0  0  0  0
   -0.4508   -2.2709   -1.1051 H   0  0  0  0  0  0  0  0  0  0  0  0
   -0.6363   -1.5673    0.9475 C   0  0  0  0  0  0  0  0  0  0  0  0
   -2.0231   -0.9412    0.7380 C   0  0  0  0  0  0  0  0  0  0  0  0
   -1.8985    0.4663    0.1315 C   0  0  1  0  0  0  0  0  0  0  0  0
   -1.3511    1.1074    0.8608 H   0  0  0  0  0  0  0  0  0  0  0  0
   -1.1314    0.3967   -1.2052 C   0  0  0  0  0  0  0  0  0  0  0  0
   -3.1829    0.9907   -0.0776 O   0  0  0  0  0  0  0  0  0  0  0  0
    1.4011   -2.1927   -0.1996 O   0  0  0  0  0  0  0  0  0  0  0  0
   -0.7559   -2.5904    1.3647 H   0  0  0  0  0  0  0  0  0  0  0  0
   -0.0638   -0.9627    1.6838 H   0  0  0  0  0  0  0  0  0  0  0  0
   -2.6164   -1.5887    0.0546 H   0  0  0  0  0  0  0  0  0  0  0  0
   -2.5561   -0.8861    1.7118 H   0  0  0  0  0  0  0  0  0  0  0  0
   -1.0264    1.4133   -1.6420 H   0  0  0  0  0  0  0  0  0  0  0  0
   -1.7153   -0.2235   -1.9212 H   0  0  0  0  0  0  0  0  0  0  0  0
   -3.0732    1.9670   -0.2210 H   0  0  0  0  0  0  0  0  0  0  0  0
    1.2718   -3.1682   -0.0676 H   0  0  0  0  0  0  0  0  0  0  0  0
  1  2  1  0  0  0  0
  2  3  1  0  0  0  0
  2  4  1  1  0  0  0
  2 10  1  0  0  0  0
  4  5  1  6  0  0  0
  4  6  1  0  0  0  0
  4 12  1  0  0  0  0
  6  7  1  0  0  0  0
  6 13  1  0  0  0  0
  6 14  1  0  0  0  0
  7  8  1  0  0  0  0
  7 15  1  0  0  0  0
  7 16  1  0  0  0  0
  8  9  1  1  0  0  0
  8 10  1  0  0  0  0
  8 11  1  0  0  0  0
 10 17  1  0  0  0  0
 10 18  1  0  0  0  0
 11 19  1  0  0  0  0
 12 20  1  0  0  0  0
M  END
>  <MOL Chiral Flag>
0

$$$$
