
 OpenBabel06222313003D

 31 30  0  0  0  0  0  0  0  0999 V2000
    1.9477   -2.0203    0.4518 C   0  0  0  0  0  0  0  0  0  0  0  0
    2.0096   -0.8718   -0.3651 O   0  0  0  0  0  0  0  0  0  0  0  0
    1.1207    0.1254    0.1097 C   0  0  2  0  0  0  0  0  0  0  0  0
    1.1520    0.1819    1.2198 H   0  0  0  0  0  0  0  0  0  0  0  0
   -0.2903   -0.1304   -0.4370 C   0  0  0  0  0  0  0  0  0  0  0  0
   -1.3842   -0.2316    0.3882 C   0  0  0  0  0  0  0  0  0  0  0  0
   -2.7890   -0.4835   -0.1530 C   0  0  0  0  0  0  0  0  0  0  0  0
   -3.7078    0.7098    0.1086 C   0  0  0  0  0  0  0  0  0  0  0  0
   -1.2439   -0.0959    1.8905 C   0  0  0  0  0  0  0  0  0  0  0  0
   -0.4365   -0.2673   -1.9400 C   0  0  0  0  0  0  0  0  0  0  0  0
    1.6175    1.5089   -0.3516 C   0  0  0  0  0  0  0  0  0  0  0  0
    3.0035    1.8335    0.2049 C   0  0  0  0  0  0  0  0  0  0  0  0
    2.3521   -1.8106    1.4661 H   0  0  0  0  0  0  0  0  0  0  0  0
    0.9166   -2.4349    0.5001 H   0  0  0  0  0  0  0  0  0  0  0  0
    2.5883   -2.8042   -0.0018 H   0  0  0  0  0  0  0  0  0  0  0  0
   -2.8155   -0.6658   -1.2438 H   0  0  0  0  0  0  0  0  0  0  0  0
   -3.2029   -1.3932    0.3321 H   0  0  0  0  0  0  0  0  0  0  0  0
   -3.8018    0.9248    1.1926 H   0  0  0  0  0  0  0  0  0  0  0  0
   -3.3110    1.6117   -0.4051 H   0  0  0  0  0  0  0  0  0  0  0  0
   -4.7211    0.4925   -0.2900 H   0  0  0  0  0  0  0  0  0  0  0  0
   -0.8497    0.9098    2.1488 H   0  0  0  0  0  0  0  0  0  0  0  0
   -2.2173   -0.2232    2.4071 H   0  0  0  0  0  0  0  0  0  0  0  0
   -0.5672   -0.8837    2.2833 H   0  0  0  0  0  0  0  0  0  0  0  0
   -0.8388   -1.2709   -2.1928 H   0  0  0  0  0  0  0  0  0  0  0  0
   -1.1094    0.5241   -2.3324 H   0  0  0  0  0  0  0  0  0  0  0  0
    0.5382   -0.1740   -2.4607 H   0  0  0  0  0  0  0  0  0  0  0  0
    1.6629    1.5638   -1.4597 H   0  0  0  0  0  0  0  0  0  0  0  0
    0.9076    2.2864    0.0075 H   0  0  0  0  0  0  0  0  0  0  0  0
    2.9867    1.8230    1.3156 H   0  0  0  0  0  0  0  0  0  0  0  0
    3.7518    1.0967   -0.1559 H   0  0  0  0  0  0  0  0  0  0  0  0
    3.3117    2.8449   -0.1344 H   0  0  0  0  0  0  0  0  0  0  0  0
  1  2  1  0  0  0  0
  1 13  1  0  0  0  0
  1 14  1  0  0  0  0
  1 15  1  0  0  0  0
  2  3  1  0  0  0  0
  3  4  1  1  0  0  0
  3  5  1  0  0  0  0
  3 11  1  0  0  0  0
  5  6  2  0  0  0  0
  5 10  1  0  0  0  0
  6  7  1  0  0  0  0
  6  9  1  0  0  0  0
  7  8  1  0  0  0  0
  7 16  1  0  0  0  0
  7 17  1  0  0  0  0
  8 18  1  0  0  0  0
  8 19  1  0  0  0  0
  8 20  1  0  0  0  0
  9 21  1  0  0  0  0
  9 22  1  0  0  0  0
  9 23  1  0  0  0  0
 10 24  1  0  0  0  0
 10 25  1  0  0  0  0
 10 26  1  0  0  0  0
 11 12  1  0  0  0  0
 11 27  1  0  0  0  0
 11 28  1  0  0  0  0
 12 29  1  0  0  0  0
 12 30  1  0  0  0  0
 12 31  1  0  0  0  0
M  END
>  <MOL Chiral Flag>
0

$$$$
