
 OpenBabel06222313003D

 29 31  0  0  0  0  0  0  0  0999 V2000
    0.3440    2.6260    1.4943 O   0  0  0  0  0  0  0  0  0  0  0  0
    0.6419    2.7772    0.3185 C   0  0  0  0  0  0  0  0  0  0  0  0
    1.9569    2.8689   -0.0350 N   0  0  0  0  0  0  0  0  0  0  0  0
    2.3378    3.1653   -1.3088 C   0  0  0  0  0  0  0  0  0  0  0  0
    1.3100    3.5618   -2.3371 C   0  0  0  0  0  0  0  0  0  0  0  0
    0.0972    2.6675   -2.1580 C   0  0  0  0  0  0  0  0  0  0  0  0
   -0.4638    2.8513   -0.7274 C   0  0  1  0  0  0  0  0  0  0  0  0
   -0.9063    3.8689   -0.6443 H   0  0  0  0  0  0  0  0  0  0  0  0
   -1.4941    1.8483   -0.4670 N   0  0  0  0  0  0  0  0  0  0  0  0
   -1.3157    0.5015   -0.4172 C   0  0  0  0  0  0  0  0  0  0  0  0
   -2.5909   -0.1495   -0.1251 C   0  0  0  0  0  0  0  0  0  0  0  0
   -2.9394   -1.4887    0.0279 C   0  0  0  0  0  0  0  0  0  0  0  0
   -4.2839   -1.7933    0.3129 C   0  0  0  0  0  0  0  0  0  0  0  0
   -5.2405   -0.7585    0.4374 C   0  0  0  0  0  0  0  0  0  0  0  0
   -4.8579    0.5869    0.2780 C   0  0  0  0  0  0  0  0  0  0  0  0
   -3.5215    0.8575   -0.0034 C   0  0  0  0  0  0  0  0  0  0  0  0
   -2.8028    2.1113   -0.2223 C   0  0  0  0  0  0  0  0  0  0  0  0
   -3.2898    3.2314   -0.1937 O   0  0  0  0  0  0  0  0  0  0  0  0
   -0.2444   -0.0628   -0.5798 O   0  0  0  0  0  0  0  0  0  0  0  0
    3.5209    3.1419   -1.6127 O   0  0  0  0  0  0  0  0  0  0  0  0
    2.6823    2.7113    0.6823 H   0  0  0  0  0  0  0  0  0  0  0  0
    0.9928    4.6104   -2.1461 H   0  0  0  0  0  0  0  0  0  0  0  0
    1.7294    3.5049   -3.3649 H   0  0  0  0  0  0  0  0  0  0  0  0
   -0.6910    2.9080   -2.9036 H   0  0  0  0  0  0  0  0  0  0  0  0
    0.4259    1.6200   -2.3299 H   0  0  0  0  0  0  0  0  0  0  0  0
   -2.1993   -2.2722   -0.0693 H   0  0  0  0  0  0  0  0  0  0  0  0
   -4.5872   -2.8247    0.4374 H   0  0  0  0  0  0  0  0  0  0  0  0
   -6.2718   -1.0022    0.6567 H   0  0  0  0  0  0  0  0  0  0  0  0
   -5.5811    1.3864    0.3717 H   0  0  0  0  0  0  0  0  0  0  0  0
  1  2  2  0  0  0  0
  2  3  1  0  0  0  0
  2  7  1  0  0  0  0
  3  4  1  0  0  0  0
  3 21  1  0  0  0  0
  4  5  1  0  0  0  0
  4 20  2  0  0  0  0
  5  6  1  0  0  0  0
  5 22  1  0  0  0  0
  5 23  1  0  0  0  0
  6  7  1  0  0  0  0
  6 24  1  0  0  0  0
  6 25  1  0  0  0  0
  7  8  1  1  0  0  0
  7  9  1  0  0  0  0
  9 10  1  0  0  0  0
  9 17  1  0  0  0  0
 10 11  1  0  0  0  0
 10 19  2  0  0  0  0
 11 12  2  0  0  0  0
 11 16  1  0  0  0  0
 12 13  1  0  0  0  0
 12 26  1  0  0  0  0
 13 14  2  0  0  0  0
 13 27  1  0  0  0  0
 14 15  1  0  0  0  0
 14 28  1  0  0  0  0
 15 16  2  0  0  0  0
 15 29  1  0  0  0  0
 16 17  1  0  0  0  0
 17 18  2  0  0  0  0
M  END
>  <MOL Chiral Flag>
0

$$$$
