
 OpenBabel06222313293D

 20 20  0  0  0  0  0  0  0  0999 V2000
    0.8611    1.4251    0.9751 N   0  0  0  0  0  0  0  0  0  0  0  0
    1.1025    0.0729    0.4572 C   0  0  1  0  0  0  0  0  0  0  0  0
    0.9102   -0.6592    1.2725 H   0  0  0  0  0  0  0  0  0  0  0  0
    0.1773   -0.2411   -0.7381 C   0  0  0  0  0  0  0  0  0  0  0  0
   -1.2709   -0.1969   -0.3507 C   0  0  0  0  0  0  0  0  0  0  0  0
   -2.2335    0.6352   -0.8755 C   0  0  0  0  0  0  0  0  0  0  0  0
   -3.3960    0.3607   -0.2650 N   0  0  0  0  0  0  0  0  0  0  0  0
   -3.1295   -0.6252    0.6134 C   0  0  0  0  0  0  0  0  0  0  0  0
   -1.8303   -0.9906    0.5843 N   0  0  0  0  0  0  0  0  0  0  0  0
    2.5484   -0.0868    0.0473 C   0  0  0  0  0  0  0  0  0  0  0  0
    3.3285    0.8512    0.1335 O   0  0  0  0  0  0  0  0  0  0  0  0
    2.9847   -1.2822   -0.4047 O   0  0  0  0  0  0  0  0  0  0  0  0
    0.9682    2.1314    0.2101 H   0  0  0  0  0  0  0  0  0  0  0  0
   -0.1064    1.4965    1.3649 H   0  0  0  0  0  0  0  0  0  0  0  0
    0.3716    0.4852   -1.5581 H   0  0  0  0  0  0  0  0  0  0  0  0
    0.3921   -1.2621   -1.1212 H   0  0  0  0  0  0  0  0  0  0  0  0
   -2.1013    1.3860   -1.6436 H   0  0  0  0  0  0  0  0  0  0  0  0
   -4.3189    0.8174   -0.4358 H   0  0  0  0  0  0  0  0  0  0  0  0
   -3.8682   -1.0723    1.2653 H   0  0  0  0  0  0  0  0  0  0  0  0
    3.9070   -1.4121   -0.6675 H   0  0  0  0  0  0  0  0  0  0  0  0
  1  2  1  0  0  0  0
  1 13  1  0  0  0  0
  1 14  1  0  0  0  0
  2  3  1  1  0  0  0
  2  4  1  0  0  0  0
  2 10  1  0  0  0  0
  4  5  1  0  0  0  0
  4 15  1  0  0  0  0
  4 16  1  0  0  0  0
  5  6  2  0  0  0  0
  5  9  1  0  0  0  0
  6  7  1  0  0  0  0
  6 17  1  0  0  0  0
  7  8  1  0  0  0  0
  7 18  1  0  0  0  0
  8  9  2  0  0  0  0
  8 19  1  0  0  0  0
 10 11  2  0  0  0  0
 10 12  1  0  0  0  0
 12 20  1  0  0  0  0
M  END
>  <MOL Chiral Flag>
0

$$$$
