
 OpenBabel06222313303D

 25 25  0  0  0  0  0  0  0  0999 V2000
   -1.7940    0.4938   -0.5116 C   0  0  0  0  0  0  0  0  0  0  0  0
   -2.9256   -0.4375   -0.0378 C   0  0  0  0  0  0  0  0  0  0  0  0
   -0.4381    0.2145    0.0630 N   0  0  0  0  0  0  0  0  0  0  0  0
    0.5135    1.1663   -0.5731 C   0  0  0  0  0  0  0  0  0  0  0  0
    1.9566    1.0058   -0.0610 C   0  0  0  0  0  0  0  0  0  0  0  0
    2.3672   -0.4385   -0.0249 C   0  0  0  0  0  0  0  0  0  0  0  0
    1.4753   -1.4333   -0.1458 C   0  0  0  0  0  0  0  0  0  0  0  0
   -0.0170   -1.1851   -0.2623 C   0  0  0  0  0  0  0  0  0  0  0  0
   -0.4632    0.4249    1.5372 C   0  0  0  0  0  0  0  0  0  0  0  0
   -1.7578    0.4094   -1.6223 H   0  0  0  0  0  0  0  0  0  0  0  0
   -2.1003    1.5392   -0.2775 H   0  0  0  0  0  0  0  0  0  0  0  0
   -3.1087   -0.3510    1.0509 H   0  0  0  0  0  0  0  0  0  0  0  0
   -3.8672   -0.1460   -0.5494 H   0  0  0  0  0  0  0  0  0  0  0  0
   -2.7175   -1.4949   -0.2992 H   0  0  0  0  0  0  0  0  0  0  0  0
    0.5317    0.9719   -1.6719 H   0  0  0  0  0  0  0  0  0  0  0  0
    0.2011    2.2264   -0.4341 H   0  0  0  0  0  0  0  0  0  0  0  0
    2.6174    1.5707   -0.7530 H   0  0  0  0  0  0  0  0  0  0  0  0
    2.0961    1.4338    0.9535 H   0  0  0  0  0  0  0  0  0  0  0  0
    3.4176   -0.6806    0.1044 H   0  0  0  0  0  0  0  0  0  0  0  0
    1.8317   -2.4587   -0.1626 H   0  0  0  0  0  0  0  0  0  0  0  0
   -0.5321   -1.8961    0.4211 H   0  0  0  0  0  0  0  0  0  0  0  0
   -0.3003   -1.4679   -1.3010 H   0  0  0  0  0  0  0  0  0  0  0  0
   -1.1650   -0.2689    2.0423 H   0  0  0  0  0  0  0  0  0  0  0  0
    0.5200    0.2188    2.0074 H   0  0  0  0  0  0  0  0  0  0  0  0
   -0.7592    1.4680    1.7869 H   0  0  0  0  0  0  0  0  0  0  0  0
  1  2  1  0  0  0  0
  1  3  1  0  0  0  0
  1 10  1  0  0  0  0
  1 11  1  0  0  0  0
  2 12  1  0  0  0  0
  2 13  1  0  0  0  0
  2 14  1  0  0  0  0
  3  4  1  0  0  0  0
  3  8  1  0  0  0  0
  3  9  1  0  0  0  0
  4  5  1  0  0  0  0
  4 15  1  0  0  0  0
  4 16  1  0  0  0  0
  5  6  1  0  0  0  0
  5 17  1  0  0  0  0
  5 18  1  0  0  0  0
  6  7  2  0  0  0  0
  6 19  1  0  0  0  0
  7  8  1  0  0  0  0
  7 20  1  0  0  0  0
  8 21  1  0  0  0  0
  8 22  1  0  0  0  0
  9 23  1  0  0  0  0
  9 24  1  0  0  0  0
  9 25  1  0  0  0  0
M  END
>  <MOL Chiral Flag>
0

$$$$
