
 OpenBabel06222313303D

 25 25  0  0  0  0  0  0  0  0999 V2000
   -1.7223   -0.5637    0.5539 C   0  0  0  0  0  0  0  0  0  0  0  0
   -2.8729    0.4591    0.4603 C   0  0  0  0  0  0  0  0  0  0  0  0
   -0.4640   -0.2127   -0.1516 N   0  0  0  0  0  0  0  0  0  0  0  0
    0.0829    1.0699    0.3636 C   0  0  0  0  0  0  0  0  0  0  0  0
    1.4898    1.3618   -0.1669 C   0  0  0  0  0  0  0  0  0  0  0  0
    2.4360    0.2558    0.2972 C   0  0  0  0  0  0  0  0  0  0  0  0
    1.8039   -1.1104    0.2309 C   0  0  0  0  0  0  0  0  0  0  0  0
    0.4795   -1.2979    0.0360 C   0  0  0  0  0  0  0  0  0  0  0  0
   -0.7409   -0.1190   -1.5965 C   0  0  0  0  0  0  0  0  0  0  0  0
   -1.5094   -0.7045    1.6391 H   0  0  0  0  0  0  0  0  0  0  0  0
   -2.1214   -1.5332    0.1733 H   0  0  0  0  0  0  0  0  0  0  0  0
   -3.2204    0.6039   -0.5813 H   0  0  0  0  0  0  0  0  0  0  0  0
   -3.7387    0.0736    1.0392 H   0  0  0  0  0  0  0  0  0  0  0  0
   -2.5952    1.4356    0.9043 H   0  0  0  0  0  0  0  0  0  0  0  0
   -0.5827    1.9227    0.1095 H   0  0  0  0  0  0  0  0  0  0  0  0
    0.1691    1.0298    1.4749 H   0  0  0  0  0  0  0  0  0  0  0  0
    1.4756    1.4159   -1.2713 H   0  0  0  0  0  0  0  0  0  0  0  0
    1.8703    2.3434    0.1890 H   0  0  0  0  0  0  0  0  0  0  0  0
    3.3589    0.3045   -0.3189 H   0  0  0  0  0  0  0  0  0  0  0  0
    2.7183    0.4123    1.3606 H   0  0  0  0  0  0  0  0  0  0  0  0
    2.4341   -1.9775    0.4035 H   0  0  0  0  0  0  0  0  0  0  0  0
    0.1179   -2.3249    0.0218 H   0  0  0  0  0  0  0  0  0  0  0  0
   -1.4292    0.7171   -1.8386 H   0  0  0  0  0  0  0  0  0  0  0  0
    0.1757    0.0357   -2.2000 H   0  0  0  0  0  0  0  0  0  0  0  0
   -1.1929   -1.0626   -1.9796 H   0  0  0  0  0  0  0  0  0  0  0  0
  1  2  1  0  0  0  0
  1  3  1  0  0  0  0
  1 10  1  0  0  0  0
  1 11  1  0  0  0  0
  2 12  1  0  0  0  0
  2 13  1  0  0  0  0
  2 14  1  0  0  0  0
  3  4  1  0  0  0  0
  3  8  1  0  0  0  0
  3  9  1  0  0  0  0
  4  5  1  0  0  0  0
  4 15  1  0  0  0  0
  4 16  1  0  0  0  0
  5  6  1  0  0  0  0
  5 17  1  0  0  0  0
  5 18  1  0  0  0  0
  6  7  1  0  0  0  0
  6 19  1  0  0  0  0
  6 20  1  0  0  0  0
  7  8  2  0  0  0  0
  7 21  1  0  0  0  0
  8 22  1  0  0  0  0
  9 23  1  0  0  0  0
  9 24  1  0  0  0  0
  9 25  1  0  0  0  0
M  END
>  <MOL Chiral Flag>
0

$$$$
