
 OpenBabel06222313313D

 26 26  0  0  0  0  0  0  0  0999 V2000
   -2.5907    1.5902    1.2389 C   0  0  0  0  0  0  0  0  0  0  0  0
   -1.8217    0.9903    0.1464 N   0  0  0  0  0  0  0  0  0  0  0  0
   -1.7975   -0.4843    0.1849 C   0  0  2  0  0  0  0  0  0  0  0  0
   -1.5354   -0.8297    1.2095 H   0  0  0  0  0  0  0  0  0  0  0  0
   -0.7196   -0.9991   -0.7909 C   0  0  0  0  0  0  0  0  0  0  0  0
    0.6576   -0.4835   -0.4431 C   0  0  0  0  0  0  0  0  0  0  0  0
    1.2568   -0.8230    0.7832 C   0  0  0  0  0  0  0  0  0  0  0  0
    2.5325   -0.3466    1.0996 C   0  0  0  0  0  0  0  0  0  0  0  0
    3.2200    0.4690    0.1973 C   0  0  0  0  0  0  0  0  0  0  0  0
    2.6336    0.8088   -1.0245 C   0  0  0  0  0  0  0  0  0  0  0  0
    1.3581    0.3347   -1.3467 C   0  0  0  0  0  0  0  0  0  0  0  0
   -3.1624   -1.0891   -0.1888 C   0  0  0  0  0  0  0  0  0  0  0  0
   -2.4675    2.6928    1.2059 H   0  0  0  0  0  0  0  0  0  0  0  0
   -3.6731    1.3675    1.1406 H   0  0  0  0  0  0  0  0  0  0  0  0
   -2.2158    1.2331    2.2216 H   0  0  0  0  0  0  0  0  0  0  0  0
   -2.1843    1.3329   -0.7742 H   0  0  0  0  0  0  0  0  0  0  0  0
   -0.6908   -2.1106   -0.7741 H   0  0  0  0  0  0  0  0  0  0  0  0
   -0.9976   -0.6853   -1.8219 H   0  0  0  0  0  0  0  0  0  0  0  0
    0.7379   -1.4576    1.4902 H   0  0  0  0  0  0  0  0  0  0  0  0
    2.9890   -0.6110    2.0447 H   0  0  0  0  0  0  0  0  0  0  0  0
    4.2075    0.8365    0.4443 H   0  0  0  0  0  0  0  0  0  0  0  0
    3.1679    1.4398   -1.7229 H   0  0  0  0  0  0  0  0  0  0  0  0
    0.9165    0.6064   -2.2974 H   0  0  0  0  0  0  0  0  0  0  0  0
   -3.4668   -0.7711   -1.2087 H   0  0  0  0  0  0  0  0  0  0  0  0
   -3.1056   -2.1983   -0.1640 H   0  0  0  0  0  0  0  0  0  0  0  0
   -3.9475   -0.7845    0.5317 H   0  0  0  0  0  0  0  0  0  0  0  0
  1  2  1  0  0  0  0
  1 13  1  0  0  0  0
  1 14  1  0  0  0  0
  1 15  1  0  0  0  0
  2  3  1  0  0  0  0
  2 16  1  0  0  0  0
  3  4  1  1  0  0  0
  3  5  1  0  0  0  0
  3 12  1  0  0  0  0
  5  6  1  0  0  0  0
  5 17  1  0  0  0  0
  5 18  1  0  0  0  0
  6  7  2  0  0  0  0
  6 11  1  0  0  0  0
  7  8  1  0  0  0  0
  7 19  1  0  0  0  0
  8  9  2  0  0  0  0
  8 20  1  0  0  0  0
  9 10  1  0  0  0  0
  9 21  1  0  0  0  0
 10 11  2  0  0  0  0
 10 22  1  0  0  0  0
 11 23  1  0  0  0  0
 12 24  1  0  0  0  0
 12 25  1  0  0  0  0
 12 26  1  0  0  0  0
M  END
>  <MOL Chiral Flag>
0

$$$$
