
 OpenBabel06222313313D

 26 26  0  0  0  0  0  0  0  0999 V2000
    4.0185    1.0254    0.6216 C   0  0  0  0  0  0  0  0  0  0  0  0
    3.1301   -0.0769    0.2513 N   0  0  0  0  0  0  0  0  0  0  0  0
    1.7376    0.3850    0.1725 C   0  0  0  0  0  0  0  0  0  0  0  0
    0.7572   -0.7862   -0.0689 C   0  0  2  0  0  0  0  0  0  0  0  0
    0.9215   -1.5341    0.7392 H   0  0  0  0  0  0  0  0  0  0  0  0
    0.9985   -1.5007   -1.4088 C   0  0  0  0  0  0  0  0  0  0  0  0
   -0.6782   -0.2910    0.0004 C   0  0  0  0  0  0  0  0  0  0  0  0
   -1.5508   -0.8006    0.9798 C   0  0  0  0  0  0  0  0  0  0  0  0
   -2.8731   -0.3518    1.0507 C   0  0  0  0  0  0  0  0  0  0  0  0
   -3.3373    0.6088    0.1492 C   0  0  0  0  0  0  0  0  0  0  0  0
   -2.4806    1.1226   -0.8269 C   0  0  0  0  0  0  0  0  0  0  0  0
   -1.1578    0.6771   -0.9051 C   0  0  0  0  0  0  0  0  0  0  0  0
    5.0628    0.6519    0.6822 H   0  0  0  0  0  0  0  0  0  0  0  0
    3.9781    1.8374   -0.1378 H   0  0  0  0  0  0  0  0  0  0  0  0
    3.7417    1.4320    1.6176 H   0  0  0  0  0  0  0  0  0  0  0  0
    3.4391   -0.4219   -0.6852 H   0  0  0  0  0  0  0  0  0  0  0  0
    1.4597    0.8563    1.1427 H   0  0  0  0  0  0  0  0  0  0  0  0
    1.6357    1.1511   -0.6289 H   0  0  0  0  0  0  0  0  0  0  0  0
    0.8908   -0.8001   -2.2633 H   0  0  0  0  0  0  0  0  0  0  0  0
    2.0092   -1.9545   -1.4454 H   0  0  0  0  0  0  0  0  0  0  0  0
    0.2654   -2.3270   -1.5303 H   0  0  0  0  0  0  0  0  0  0  0  0
   -1.2081   -1.5459    1.6867 H   0  0  0  0  0  0  0  0  0  0  0  0
   -3.5389   -0.7494    1.8059 H   0  0  0  0  0  0  0  0  0  0  0  0
   -4.3611    0.9549    0.2068 H   0  0  0  0  0  0  0  0  0  0  0  0
   -2.8419    1.8672   -1.5245 H   0  0  0  0  0  0  0  0  0  0  0  0
   -0.5095    1.0866   -1.6685 H   0  0  0  0  0  0  0  0  0  0  0  0
  1  2  1  0  0  0  0
  1 13  1  0  0  0  0
  1 14  1  0  0  0  0
  1 15  1  0  0  0  0
  2  3  1  0  0  0  0
  2 16  1  0  0  0  0
  3  4  1  0  0  0  0
  3 17  1  0  0  0  0
  3 18  1  0  0  0  0
  4  5  1  1  0  0  0
  4  6  1  0  0  0  0
  4  7  1  0  0  0  0
  6 19  1  0  0  0  0
  6 20  1  0  0  0  0
  6 21  1  0  0  0  0
  7  8  2  0  0  0  0
  7 12  1  0  0  0  0
  8  9  1  0  0  0  0
  8 22  1  0  0  0  0
  9 10  2  0  0  0  0
  9 23  1  0  0  0  0
 10 11  1  0  0  0  0
 10 24  1  0  0  0  0
 11 12  2  0  0  0  0
 11 25  1  0  0  0  0
 12 26  1  0  0  0  0
M  END
>  <MOL Chiral Flag>
0

$$$$
