
 OpenBabel06222313323D

 21 21  0  0  0  0  0  0  0  0999 V2000
   -2.1280    0.5310    0.2778 C   0  0  0  0  0  0  0  0  0  0  0  0
   -3.5614    0.5160   -0.1454 C   0  0  0  0  0  0  0  0  0  0  0  0
   -1.8335    0.2836    1.4396 O   0  0  0  0  0  0  0  0  0  0  0  0
   -1.1669    0.8374   -0.6344 O   0  0  0  0  0  0  0  0  0  0  0  0
    0.1629    0.8213   -0.3669 C   0  0  0  0  0  0  0  0  0  0  0  0
    0.8701   -0.3780   -0.0550 C   0  0  0  0  0  0  0  0  0  0  0  0
    0.2253   -1.7256   -0.0516 C   0  0  0  0  0  0  0  0  0  0  0  0
   -0.9343   -1.8689   -0.4058 O   0  0  0  0  0  0  0  0  0  0  0  0
    0.9428   -2.8134    0.3066 O   0  0  0  0  0  0  0  0  0  0  0  0
    2.2474   -0.2927    0.2342 C   0  0  0  0  0  0  0  0  0  0  0  0
    2.9102    0.9354    0.2029 C   0  0  0  0  0  0  0  0  0  0  0  0
    2.2159    2.0981   -0.1214 C   0  0  0  0  0  0  0  0  0  0  0  0
    0.8524    2.0410   -0.4065 C   0  0  0  0  0  0  0  0  0  0  0  0
   -4.2226    0.2565    0.7089 H   0  0  0  0  0  0  0  0  0  0  0  0
   -3.8448    1.5183   -0.5286 H   0  0  0  0  0  0  0  0  0  0  0  0
   -3.7013   -0.2359   -0.9498 H   0  0  0  0  0  0  0  0  0  0  0  0
    0.5495   -3.6977    0.3020 H   0  0  0  0  0  0  0  0  0  0  0  0
    2.8168   -1.1815    0.4752 H   0  0  0  0  0  0  0  0  0  0  0  0
    3.9688    0.9833    0.4238 H   0  0  0  0  0  0  0  0  0  0  0  0
    2.7347    3.0476   -0.1493 H   0  0  0  0  0  0  0  0  0  0  0  0
    0.3210    2.9526   -0.6501 H   0  0  0  0  0  0  0  0  0  0  0  0
  1  2  1  0  0  0  0
  1  3  2  0  0  0  0
  1  4  1  0  0  0  0
  2 14  1  0  0  0  0
  2 15  1  0  0  0  0
  2 16  1  0  0  0  0
  4  5  1  0  0  0  0
  5  6  2  0  0  0  0
  5 13  1  0  0  0  0
  6  7  1  0  0  0  0
  6 10  1  0  0  0  0
  7  8  2  0  0  0  0
  7  9  1  0  0  0  0
  9 17  1  0  0  0  0
 10 11  2  0  0  0  0
 10 18  1  0  0  0  0
 11 12  1  0  0  0  0
 11 19  1  0  0  0  0
 12 13  2  0  0  0  0
 12 20  1  0  0  0  0
 13 21  1  0  0  0  0
M  END
>  <MOL Chiral Flag>
0

$$$$
