
 OpenBabel07202212243D

 26 26  0  0  1  0  0  0  0  0999 V2000
   -1.0633    1.2904    0.1213 C   0  0  0  0  0  0  0  0  0  0  0  0
   -1.6549    0.1623    0.6945 C   0  0  0  0  0  0  0  0  0  0  0  0
   -0.9015   -0.9976    0.8910 C   0  0  0  0  0  0  0  0  0  0  0  0
    0.4443   -1.0325    0.5129 C   0  0  0  0  0  0  0  0  0  0  0  0
    1.0479    0.0965   -0.0695 C   0  0  0  0  0  0  0  0  0  0  0  0
    0.2818    1.2604   -0.2586 C   0  0  0  0  0  0  0  0  0  0  0  0
    2.5017    0.0655   -0.4799 C   0  0  0  0  0  0  0  0  0  0  0  0
    2.7990   -1.0096   -1.5560 C   0  0  1  0  0  0  0  0  0  0  0  0
    1.9810   -0.8614   -2.7807 N   0  0  0  0  0  0  0  0  0  0  0  0
    2.1189    0.4156   -3.4899 C   0  0  0  0  0  0  0  0  0  0  0  0
    4.2980   -1.0484   -1.8854 C   0  0  0  0  0  0  0  0  0  0  0  0
   -1.6472    2.1893   -0.0288 H   0  0  0  0  0  0  0  0  0  0  0  0
   -2.6963    0.1877    0.9879 H   0  0  0  0  0  0  0  0  0  0  0  0
   -1.3603   -1.8704    1.3373 H   0  0  0  0  0  0  0  0  0  0  0  0
    1.0131   -1.9388    0.6760 H   0  0  0  0  0  0  0  0  0  0  0  0
    0.7226    2.1450   -0.7007 H   0  0  0  0  0  0  0  0  0  0  0  0
    3.1119   -0.1438    0.4257 H   0  0  0  0  0  0  0  0  0  0  0  0
    2.8196    1.0610   -0.8573 H   0  0  0  0  0  0  0  0  0  0  0  0
    2.5585   -2.0059   -1.1243 H   0  0  0  0  0  0  0  0  0  0  0  0
    0.9710   -1.0051   -2.5475 H   0  0  0  0  0  0  0  0  0  0  0  0
    1.4924    0.3868   -4.4060 H   0  0  0  0  0  0  0  0  0  0  0  0
    3.1638    0.5862   -3.8151 H   0  0  0  0  0  0  0  0  0  0  0  0
    1.7639    1.2642   -2.8710 H   0  0  0  0  0  0  0  0  0  0  0  0
    4.6569   -0.0783   -2.2853 H   0  0  0  0  0  0  0  0  0  0  0  0
    4.5016   -1.8466   -2.6304 H   0  0  0  0  0  0  0  0  0  0  0  0
    4.8820   -1.2724   -0.9673 H   0  0  0  0  0  0  0  0  0  0  0  0
  1  2  2  0  0  0  0
  1 12  1  0  0  0  0
  2  3  1  0  0  0  0
  2 13  1  0  0  0  0
  3  4  2  0  0  0  0
  3 14  1  0  0  0  0
  4  5  1  0  0  0  0
  4 15  1  0  0  0  0
  5  6  2  0  0  0  0
  5  7  1  0  0  0  0
  6  1  1  0  0  0  0
  6 16  1  0  0  0  0
  7  8  1  0  0  0  0
  7 17  1  0  0  0  0
  7 18  1  0  0  0  0
  8  9  1  0  0  0  0
  8 11  1  0  0  0  0
  8 19  1  1  0  0  0
  9 10  1  0  0  0  0
  9 20  1  0  0  0  0
 10 21  1  0  0  0  0
 10 22  1  0  0  0  0
 10 23  1  0  0  0  0
 11 24  1  0  0  0  0
 11 25  1  0  0  0  0
 11 26  1  0  0  0  0
M  END
