
 OpenBabel07202212063D

 12 11  0  0  0  0  0  0  0  0999 V2000
    0.9935    0.1122    0.0308 C   0  0  0  0  0  0  0  0  0  0  0  0
    2.5248    0.1242   -0.0052 C   0  0  0  0  0  0  0  0  0  0  0  0
    3.0626   -0.4276   -1.3291 C   0  0  0  0  0  0  0  0  0  0  0  0
    3.0142    1.4213    0.2246 O   0  0  0  0  0  0  0  0  0  0  0  0
    0.6144   -0.9231   -0.1058 H   0  0  0  0  0  0  0  0  0  0  0  0
    0.5779    0.7557   -0.7739 H   0  0  0  0  0  0  0  0  0  0  0  0
    0.6376    0.4916    1.0121 H   0  0  0  0  0  0  0  0  0  0  0  0
    2.8924   -0.5307    0.8141 H   0  0  0  0  0  0  0  0  0  0  0  0
    2.7198    0.1969   -2.1816 H   0  0  0  0  0  0  0  0  0  0  0  0
    2.7091   -1.4695   -1.4826 H   0  0  0  0  0  0  0  0  0  0  0  0
    4.1731   -0.4307   -1.3116 H   0  0  0  0  0  0  0  0  0  0  0  0
    2.6839    2.0037   -0.5092 H   0  0  0  0  0  0  0  0  0  0  0  0
  1  2  1  0  0  0  0
  1  5  1  0  0  0  0
  1  6  1  0  0  0  0
  1  7  1  0  0  0  0
  2  3  1  0  0  0  0
  2  4  1  0  0  0  0
  2  8  1  0  0  0  0
  3  9  1  0  0  0  0
  3 10  1  0  0  0  0
  3 11  1  0  0  0  0
  4 12  1  0  0  0  0
M  END
