
 OpenBabel07202212063D

 15 14  0  0  1  0  0  0  0  0999 V2000
    1.2634   -1.3944    2.0953 C   0  0  0  0  0  0  0  0  0  0  0  0
    0.6817   -1.3223    0.6702 C   0  0  2  0  0  0  0  0  0  0  0  0
    0.8322    0.0824    0.0774 C   0  0  0  0  0  0  0  0  0  0  0  0
   -0.6685   -1.7151    0.6525 O   0  0  0  0  0  0  0  0  0  0  0  0
    1.1780   -2.8058    2.6730 C   0  0  0  0  0  0  0  0  0  0  0  0
    2.3326   -1.0898    2.0714 H   0  0  0  0  0  0  0  0  0  0  0  0
    0.7151   -0.6953    2.7640 H   0  0  0  0  0  0  0  0  0  0  0  0
    1.2525   -2.0226    0.0219 H   0  0  0  0  0  0  0  0  0  0  0  0
    0.2767    0.8263    0.6878 H   0  0  0  0  0  0  0  0  0  0  0  0
    0.4313    0.0987   -0.9582 H   0  0  0  0  0  0  0  0  0  0  0  0
    1.9039    0.3733    0.0451 H   0  0  0  0  0  0  0  0  0  0  0  0
   -1.1721   -1.0901    1.2377 H   0  0  0  0  0  0  0  0  0  0  0  0
    1.7426   -3.5183    2.0346 H   0  0  0  0  0  0  0  0  0  0  0  0
    0.1201   -3.1365    2.7420 H   0  0  0  0  0  0  0  0  0  0  0  0
    1.6177   -2.8170    3.6925 H   0  0  0  0  0  0  0  0  0  0  0  0
  1  5  1  0  0  0  0
  1  6  1  0  0  0  0
  1  7  1  0  0  0  0
  2  4  1  0  0  0  0
  2  3  1  0  0  0  0
  2  1  1  0  0  0  0
  2  8  1  6  0  0  0
  3  9  1  0  0  0  0
  3 10  1  0  0  0  0
  3 11  1  0  0  0  0
  4 12  1  0  0  0  0
  5 13  1  0  0  0  0
  5 14  1  0  0  0  0
  5 15  1  0  0  0  0
M  END
