
 OpenBabel07202212053D

 15 14  0  0  1  0  0  0  0  0999 V2000
    0.4125    0.2803    0.0958 C   0  0  0  0  0  0  0  0  0  0  0  0
   -0.0670   -1.1814    0.0064 C   0  0  1  0  0  0  0  0  0  0  0  0
    0.8865   -2.1265    0.7446 C   0  0  0  0  0  0  0  0  0  0  0  0
   -1.3732   -1.3189    0.5088 O   0  0  0  0  0  0  0  0  0  0  0  0
   -0.4944    1.2247   -0.6909 C   0  0  0  0  0  0  0  0  0  0  0  0
    0.4396    0.6057    1.1587 H   0  0  0  0  0  0  0  0  0  0  0  0
    1.4412    0.3555   -0.3198 H   0  0  0  0  0  0  0  0  0  0  0  0
   -0.0763   -1.4833   -1.0638 H   0  0  0  0  0  0  0  0  0  0  0  0
    0.9328   -1.8705    1.8247 H   0  0  0  0  0  0  0  0  0  0  0  0
    1.9083   -2.0548    0.3147 H   0  0  0  0  0  0  0  0  0  0  0  0
    0.5331   -3.1743    0.6403 H   0  0  0  0  0  0  0  0  0  0  0  0
   -1.3601   -1.0422    1.4627 H   0  0  0  0  0  0  0  0  0  0  0  0
   -0.1081    2.2627   -0.6112 H   0  0  0  0  0  0  0  0  0  0  0  0
   -1.5282    1.2016   -0.2857 H   0  0  0  0  0  0  0  0  0  0  0  0
   -0.5157    0.9347   -1.7629 H   0  0  0  0  0  0  0  0  0  0  0  0
  1  2  1  0  0  0  0
  1  5  1  0  0  0  0
  1  6  1  0  0  0  0
  1  7  1  0  0  0  0
  2  3  1  0  0  0  0
  2  4  1  0  0  0  0
  2  8  1  6  0  0  0
  3  9  1  0  0  0  0
  3 10  1  0  0  0  0
  3 11  1  0  0  0  0
  4 12  1  0  0  0  0
  5 13  1  0  0  0  0
  5 14  1  0  0  0  0
  5 15  1  0  0  0  0
M  END
