
 OpenBabel07202212043D

 14 13  0  0  0  0  0  0  0  0999 V2000
    1.0429   -0.0694    0.1433 C   0  0  1  0  0  0  0  0  0  0  0  0
    0.4359   -0.4333   -1.2657 C   0  0  1  0  0  0  0  0  0  0  0  0
   -1.4270   -1.0264   -1.2407 Br  0  0  0  0  0  0  0  0  0  0  0  0
    1.7614    1.2859    0.2395 C   0  0  0  0  0  0  0  0  0  0  0  0
   -0.2224   -0.1702    1.6272 Br  0  0  0  0  0  0  0  0  0  0  0  0
    0.5648    0.6565   -2.3294 C   0  0  0  0  0  0  0  0  0  0  0  0
    1.8053   -0.8454    0.3704 H   0  0  0  0  0  0  0  0  0  0  0  0
    1.0028   -1.3084   -1.6534 H   0  0  0  0  0  0  0  0  0  0  0  0
    2.5894    1.3633   -0.4944 H   0  0  0  0  0  0  0  0  0  0  0  0
    1.0496    2.1255    0.0867 H   0  0  0  0  0  0  0  0  0  0  0  0
    2.2093    1.3989    1.2506 H   0  0  0  0  0  0  0  0  0  0  0  0
    0.0075    1.5651   -2.0225 H   0  0  0  0  0  0  0  0  0  0  0  0
    0.1498    0.2933   -3.2947 H   0  0  0  0  0  0  0  0  0  0  0  0
    1.6326    0.9015   -2.5027 H   0  0  0  0  0  0  0  0  0  0  0  0
  1  2  1  0  0  0  0
  1  4  1  0  0  0  0
  1  5  1  0  0  0  0
  1  7  1  1  0  0  0
  2  3  1  0  0  0  0
  2  6  1  0  0  0  0
  2  8  1  6  0  0  0
  4  9  1  0  0  0  0
  4 10  1  0  0  0  0
  4 11  1  0  0  0  0
  6 12  1  0  0  0  0
  6 13  1  0  0  0  0
  6 14  1  0  0  0  0
M  END
