
 OpenBabel07202212273D

  8  7  0  0  0  0  0  0  0  0999 V2000
   -0.7323   -0.2060   -0.0138 C   0  0  0  0  0  0  0  0  0  0  0  0
    0.7308    0.1766   -0.0846 C   0  0  0  0  0  0  0  0  0  0  0  0
   -1.2825    0.4814    0.6367 H   0  0  0  0  0  0  0  0  0  0  0  0
   -0.8504   -1.2186    0.3833 H   0  0  0  0  0  0  0  0  0  0  0  0
   -1.1899   -0.1740   -1.0073 H   0  0  0  0  0  0  0  0  0  0  0  0
    0.9956    0.5116   -1.0920 H   0  0  0  0  0  0  0  0  0  0  0  0
    1.3676   -0.6769    0.1688 H   0  0  0  0  0  0  0  0  0  0  0  0
    0.9548    0.9880    0.6143 H   0  0  0  0  0  0  0  0  0  0  0  0
  1  2  1  0  0  0  0
  1  3  1  0  0  0  0
  1  4  1  0  0  0  0
  1  5  1  0  0  0  0
  2  6  1  0  0  0  0
  2  7  1  0  0  0  0
  2  8  1  0  0  0  0
M  END
