
 OpenBabel07202212293D

 18 18  0  0  0  0  0  0  0  0999 V2000
    1.1662    1.6494   -0.6828 C   0  0  0  0  0  0  0  0  0  0  0  0
    1.2570    0.1756   -0.2960 C   0  0  0  0  0  0  0  0  0  0  0  0
   -0.1690    1.9758   -1.3465 C   0  0  0  0  0  0  0  0  0  0  0  0
   -0.4428    1.0631   -2.5388 C   0  0  0  0  0  0  0  0  0  0  0  0
    0.9832   -0.7371   -1.4883 C   0  0  0  0  0  0  0  0  0  0  0  0
   -0.3520   -0.4106   -2.1520 C   0  0  0  0  0  0  0  0  0  0  0  0
    1.9847    1.8967   -1.3700 H   0  0  0  0  0  0  0  0  0  0  0  0
    1.2976    2.2734    0.2083 H   0  0  0  0  0  0  0  0  0  0  0  0
    2.2514   -0.0382    0.1116 H   0  0  0  0  0  0  0  0  0  0  0  0
   -0.1723    3.0215   -1.6739 H   0  0  0  0  0  0  0  0  0  0  0  0
   -0.9768    1.8680   -0.6121 H   0  0  0  0  0  0  0  0  0  0  0  0
    0.2816    1.2761   -3.3346 H   0  0  0  0  0  0  0  0  0  0  0  0
    0.9865   -1.7828   -1.1609 H   0  0  0  0  0  0  0  0  0  0  0  0
    1.7910   -0.6293   -2.2227 H   0  0  0  0  0  0  0  0  0  0  0  0
   -0.4834   -1.0347   -3.0431 H   0  0  0  0  0  0  0  0  0  0  0  0
   -1.1705   -0.6580   -1.4648 H   0  0  0  0  0  0  0  0  0  0  0  0
    0.5326   -0.0374    0.4998 H   0  0  0  0  0  0  0  0  0  0  0  0
   -1.4372    1.2769   -2.9464 H   0  0  0  0  0  0  0  0  0  0  0  0
  1  2  1  0  0  0  0
  1  3  1  0  0  0  0
  1  7  1  0  0  0  0
  1  8  1  0  0  0  0
  2  5  1  0  0  0  0
  2  9  1  0  0  0  0
  2 17  1  0  0  0  0
  3  4  1  0  0  0  0
  3 10  1  0  0  0  0
  3 11  1  0  0  0  0
  4  6  1  0  0  0  0
  4 12  1  0  0  0  0
  4 18  1  0  0  0  0
  5 13  1  0  0  0  0
  5 14  1  0  0  0  0
  6  5  1  0  0  0  0
  6 15  1  0  0  0  0
  6 16  1  0  0  0  0
M  END
