
 OpenBabel07202212293D

 18 18  0  0  0  0  0  0  0  0999 V2000
    0.7576    1.3934   -0.2555 C   0  0  0  0  0  0  0  0  0  0  0  0
    1.3667    0.0078   -0.0695 C   0  0  0  0  0  0  0  0  0  0  0  0
   -0.7732    1.3912   -0.2563 C   0  0  0  0  0  0  0  0  0  0  0  0
   -1.3794    0.0025   -0.0830 C   0  0  0  0  0  0  0  0  0  0  0  0
    0.7656   -1.0012   -1.0423 C   0  0  0  0  0  0  0  0  0  0  0  0
   -0.7652   -1.0005   -1.0537 C   0  0  0  0  0  0  0  0  0  0  0  0
    1.1116    1.8179   -1.2036 H   0  0  0  0  0  0  0  0  0  0  0  0
    1.1255    2.0619    0.5317 H   0  0  0  0  0  0  0  0  0  0  0  0
    2.4525    0.0574   -0.2097 H   0  0  0  0  0  0  0  0  0  0  0  0
   -1.1273    1.8239   -1.2005 H   0  0  0  0  0  0  0  0  0  0  0  0
   -1.1438    2.0512    0.5369 H   0  0  0  0  0  0  0  0  0  0  0  0
   -2.4639    0.0494   -0.2341 H   0  0  0  0  0  0  0  0  0  0  0  0
    1.1327   -2.0050   -0.7984 H   0  0  0  0  0  0  0  0  0  0  0  0
    1.1270   -0.7842   -2.0555 H   0  0  0  0  0  0  0  0  0  0  0  0
   -1.1117   -0.7763   -2.0705 H   0  0  0  0  0  0  0  0  0  0  0  0
   -1.1364   -2.0058   -0.8220 H   0  0  0  0  0  0  0  0  0  0  0  0
    1.2013   -0.3312    0.9608 H   0  0  0  0  0  0  0  0  0  0  0  0
   -1.2236   -0.3406    0.9474 H   0  0  0  0  0  0  0  0  0  0  0  0
  1  2  1  0  0  0  0
  1  3  1  0  0  0  0
  1  7  1  0  0  0  0
  1  8  1  0  0  0  0
  2  5  1  0  0  0  0
  2  9  1  0  0  0  0
  2 17  1  0  0  0  0
  3  4  1  0  0  0  0
  3 10  1  0  0  0  0
  3 11  1  0  0  0  0
  4  6  1  0  0  0  0
  4 12  1  0  0  0  0
  4 18  1  0  0  0  0
  5 13  1  0  0  0  0
  5 14  1  0  0  0  0
  6  5  1  0  0  0  0
  6 15  1  0  0  0  0
  6 16  1  0  0  0  0
M  END
