
 OpenBabel07202212283D

 21 21  0  0  0  0  0  0  0  0999 V2000
    1.1523    1.6234   -0.5983 C   0  0  0  0  0  0  0  0  0  0  0  0
    1.2427    0.1495   -0.2153 C   0  0  0  0  0  0  0  0  0  0  0  0
   -0.1806    1.9518   -1.2689 C   0  0  0  0  0  0  0  0  0  0  0  0
   -0.4916    1.0426   -2.4670 C   0  0  0  0  0  0  0  0  0  0  0  0
    0.9690   -0.7657   -1.4048 C   0  0  0  0  0  0  0  0  0  0  0  0
   -0.3638   -0.4369   -2.0752 C   0  0  0  0  0  0  0  0  0  0  0  0
    1.9810    1.8808   -1.2679 H   0  0  0  0  0  0  0  0  0  0  0  0
    1.2712    2.2417    0.2989 H   0  0  0  0  0  0  0  0  0  0  0  0
    2.2364   -0.0649    0.1940 H   0  0  0  0  0  0  0  0  0  0  0  0
   -0.1876    3.0037   -1.5782 H   0  0  0  0  0  0  0  0  0  0  0  0
   -0.9820    1.8411   -0.5268 H   0  0  0  0  0  0  0  0  0  0  0  0
    0.3815    1.3843   -3.6775 C   0  0  0  0  0  0  0  0  0  0  0  0
    0.9605   -1.8089   -1.0684 H   0  0  0  0  0  0  0  0  0  0  0  0
    1.7848   -0.6778   -2.1316 H   0  0  0  0  0  0  0  0  0  0  0  0
   -0.5005   -1.0762   -2.9554 H   0  0  0  0  0  0  0  0  0  0  0  0
   -1.1759   -0.6875   -1.3803 H   0  0  0  0  0  0  0  0  0  0  0  0
    0.5182   -0.0635    0.5804 H   0  0  0  0  0  0  0  0  0  0  0  0
   -1.5327    1.2231   -2.7651 H   0  0  0  0  0  0  0  0  0  0  0  0
    1.4470    1.2358   -3.4797 H   0  0  0  0  0  0  0  0  0  0  0  0
    0.2388    2.4297   -3.9713 H   0  0  0  0  0  0  0  0  0  0  0  0
    0.1107    0.7593   -4.5352 H   0  0  0  0  0  0  0  0  0  0  0  0
  1  2  1  0  0  0  0
  1  3  1  0  0  0  0
  1  7  1  0  0  0  0
  1  8  1  0  0  0  0
  2  5  1  0  0  0  0
  2  9  1  0  0  0  0
  2 17  1  0  0  0  0
  3  4  1  0  0  0  0
  3 10  1  0  0  0  0
  3 11  1  0  0  0  0
  4  6  1  0  0  0  0
  4 12  1  0  0  0  0
  4 18  1  0  0  0  0
  5 13  1  0  0  0  0
  5 14  1  0  0  0  0
  6  5  1  0  0  0  0
  6 15  1  0  0  0  0
  6 16  1  0  0  0  0
 12 19  1  0  0  0  0
 12 20  1  0  0  0  0
 12 21  1  0  0  0  0
M  END
