
 OpenBabel07202212283D

 21 21  0  0  0  0  0  0  0  0999 V2000
    0.1026    1.5292   -3.1967 C   0  0  0  0  0  0  0  0  0  0  0  0
   -0.4178    0.1835   -3.6922 C   0  0  0  0  0  0  0  0  0  0  0  0
   -0.7565    2.0824   -2.0620 C   0  0  0  0  0  0  0  0  0  0  0  0
   -0.8867    1.0783   -0.9086 C   0  0  0  0  0  0  0  0  0  0  0  0
   -0.5523   -0.8206   -2.5516 C   0  0  0  0  0  0  0  0  0  0  0  0
   -1.4125   -0.2713   -1.4158 C   0  0  0  0  0  0  0  0  0  0  0  0
    0.1222    2.2448   -4.0264 H   0  0  0  0  0  0  0  0  0  0  0  0
    1.1367    1.4150   -2.8487 H   0  0  0  0  0  0  0  0  0  0  0  0
   -1.3946    0.3242   -4.1713 H   0  0  0  0  0  0  0  0  0  0  0  0
   -1.7510    2.3334   -2.4525 H   0  0  0  0  0  0  0  0  0  0  0  0
   -0.3140    3.0167   -1.6963 H   0  0  0  0  0  0  0  0  0  0  0  0
   -1.7930    1.6323    0.1892 C   0  0  0  0  0  0  0  0  0  0  0  0
    0.4438   -1.0710   -2.1663 H   0  0  0  0  0  0  0  0  0  0  0  0
   -0.9914   -1.7508   -2.9295 H   0  0  0  0  0  0  0  0  0  0  0  0
   -2.4462   -0.1609   -1.7678 H   0  0  0  0  0  0  0  0  0  0  0  0
   -1.4328   -0.9974   -0.5944 H   0  0  0  0  0  0  0  0  0  0  0  0
    0.2586   -0.2149   -4.4567 H   0  0  0  0  0  0  0  0  0  0  0  0
    0.1098    0.9197   -0.4748 H   0  0  0  0  0  0  0  0  0  0  0  0
   -2.8069    1.8125   -0.1839 H   0  0  0  0  0  0  0  0  0  0  0  0
   -1.4009    2.5792    0.5751 H   0  0  0  0  0  0  0  0  0  0  0  0
   -1.8603    0.9310    1.0275 H   0  0  0  0  0  0  0  0  0  0  0  0
  1  2  1  0  0  0  0
  1  3  1  0  0  0  0
  1  7  1  0  0  0  0
  1  8  1  0  0  0  0
  2  5  1  0  0  0  0
  2  9  1  0  0  0  0
  2 17  1  0  0  0  0
  3  4  1  0  0  0  0
  3 10  1  0  0  0  0
  3 11  1  0  0  0  0
  4  6  1  0  0  0  0
  4 12  1  0  0  0  0
  4 18  1  0  0  0  0
  5 13  1  0  0  0  0
  5 14  1  0  0  0  0
  6  5  1  0  0  0  0
  6 15  1  0  0  0  0
  6 16  1  0  0  0  0
 12 19  1  0  0  0  0
 12 20  1  0  0  0  0
 12 21  1  0  0  0  0
M  END
