
 OpenBabel07202212323D

 26 27  0  0  1  0  0  0  0  0999 V2000
   -1.1560   -1.7918   -1.2023 C   0  0  0  0  0  0  0  0  0  0  0  0
    0.3558   -1.9973   -1.0393 C   0  0  2  0  0  0  0  0  0  0  0  0
    0.6992   -0.9098   -0.1098 N   0  0  0  0  0  0  0  0  0  0  0  0
   -0.0658    0.2660   -0.5045 C   0  0  0  0  0  0  0  0  0  0  0  0
   -1.4066   -0.3071   -0.9401 C   0  0  0  0  0  0  0  0  0  0  0  0
    2.1141   -0.6436    0.0779 C   0  0  0  0  0  0  0  0  0  0  0  0
    1.1260   -2.0364   -2.3460 C   0  0  0  0  0  0  0  0  0  0  0  0
    0.8397   -1.2362   -3.4576 C   0  0  0  0  0  0  0  0  0  0  0  0
    1.6120   -1.3401   -4.6129 C   0  0  0  0  0  0  0  0  0  0  0  0
    2.6580   -2.2455   -4.6260 C   0  0  0  0  0  0  0  0  0  0  0  0
    2.9747   -3.0351   -3.5806 N   0  0  0  0  0  0  0  0  0  0  0  0
    2.2066   -2.9109   -2.4729 C   0  0  0  0  0  0  0  0  0  0  0  0
    0.5054   -2.9592   -0.5312 H   0  0  0  0  0  0  0  0  0  0  0  0
   -1.6913   -2.3721   -0.4390 H   0  0  0  0  0  0  0  0  0  0  0  0
   -1.5466   -2.1070   -2.1755 H   0  0  0  0  0  0  0  0  0  0  0  0
    0.4039    0.8027   -1.3374 H   0  0  0  0  0  0  0  0  0  0  0  0
   -0.1877    0.9699    0.3254 H   0  0  0  0  0  0  0  0  0  0  0  0
   -1.7797    0.2000   -1.8360 H   0  0  0  0  0  0  0  0  0  0  0  0
   -2.1602   -0.1894   -0.1529 H   0  0  0  0  0  0  0  0  0  0  0  0
    2.6404   -1.5520    0.3905 H   0  0  0  0  0  0  0  0  0  0  0  0
    2.2551    0.0911    0.8785 H   0  0  0  0  0  0  0  0  0  0  0  0
    2.5986   -0.2504   -0.8223 H   0  0  0  0  0  0  0  0  0  0  0  0
    0.0196   -0.5253   -3.4417 H   0  0  0  0  0  0  0  0  0  0  0  0
    1.4017   -0.7272   -5.4821 H   0  0  0  0  0  0  0  0  0  0  0  0
    3.2877   -2.3622   -5.5031 H   0  0  0  0  0  0  0  0  0  0  0  0
    2.5008   -3.5613   -1.6522 H   0  0  0  0  0  0  0  0  0  0  0  0
  1  2  1  0  0  0  0
  1 14  1  0  0  0  0
  1 15  1  0  0  0  0
  2  3  1  0  0  0  0
  2 13  1  1  0  0  0
  2  7  1  0  0  0  0
  3  4  1  0  0  0  0
  3  6  1  0  0  0  0
  4  5  1  0  0  0  0
  4 16  1  0  0  0  0
  4 17  1  0  0  0  0
  5  1  1  0  0  0  0
  5 18  1  0  0  0  0
  5 19  1  0  0  0  0
  6 20  1  0  0  0  0
  6 21  1  0  0  0  0
  6 22  1  0  0  0  0
  7  8  2  0  0  0  0
  8  9  1  0  0  0  0
  8 23  1  0  0  0  0
  9 10  2  0  0  0  0
  9 24  1  0  0  0  0
 10 11  1  0  0  0  0
 10 25  1  0  0  0  0
 11 12  2  0  0  0  0
 12  7  1  0  0  0  0
 12 26  1  0  0  0  0
M  END
