
 OpenBabel07202212263D

 24 24  0  0  1  0  0  0  0  0999 V2000
    0.6839   -0.1524    0.1755 C   0  0  1  0  0  0  0  0  0  0  0  0
    0.2723    0.9556   -0.8363 C   0  0  1  0  0  0  0  0  0  0  0  0
    0.6933    0.3201   -2.6730 Br  0  0  0  0  0  0  0  0  0  0  0  0
   -1.1781    1.4281   -0.8750 C   0  0  0  0  0  0  0  0  0  0  0  0
    2.0149    0.2337    0.8487 C   0  0  0  0  0  0  0  0  0  0  0  0
   -0.3492   -0.4824    1.2433 C   0  0  0  0  0  0  0  0  0  0  0  0
   -0.7930    0.4838    2.1597 C   0  0  0  0  0  0  0  0  0  0  0  0
   -1.7962    0.1843    3.0837 C   0  0  0  0  0  0  0  0  0  0  0  0
   -2.3322   -1.0972    3.1353 C   0  0  0  0  0  0  0  0  0  0  0  0
   -1.8708   -2.0814    2.2648 C   0  0  0  0  0  0  0  0  0  0  0  0
   -0.8878   -1.7746    1.3189 C   0  0  0  0  0  0  0  0  0  0  0  0
    0.8943   -1.0849   -0.3666 H   0  0  0  0  0  0  0  0  0  0  0  0
    0.9250    1.8294   -0.7306 H   0  0  0  0  0  0  0  0  0  0  0  0
   -1.8498    0.6897   -1.3235 H   0  0  0  0  0  0  0  0  0  0  0  0
   -1.2506    2.3496   -1.4646 H   0  0  0  0  0  0  0  0  0  0  0  0
   -1.5696    1.6909    0.1082 H   0  0  0  0  0  0  0  0  0  0  0  0
    1.9201    1.1637    1.4211 H   0  0  0  0  0  0  0  0  0  0  0  0
    2.8028    0.3835    0.1025 H   0  0  0  0  0  0  0  0  0  0  0  0
    2.3517   -0.5467    1.5402 H   0  0  0  0  0  0  0  0  0  0  0  0
   -0.3949    1.4948    2.1326 H   0  0  0  0  0  0  0  0  0  0  0  0
   -2.1614    0.9581    3.7531 H   0  0  0  0  0  0  0  0  0  0  0  0
   -3.1117   -1.3310    3.8571 H   0  0  0  0  0  0  0  0  0  0  0  0
   -2.2802   -3.0860    2.3143 H   0  0  0  0  0  0  0  0  0  0  0  0
   -0.5515   -2.5572    0.6419 H   0  0  0  0  0  0  0  0  0  0  0  0
  1  6  1  0  0  0  0
  1  2  1  0  0  0  0
  1  5  1  0  0  0  0
  1 12  1  6  0  0  0
  2  3  1  0  0  0  0
  2  4  1  0  0  0  0
  2 13  1  1  0  0  0
  4 14  1  0  0  0  0
  4 15  1  0  0  0  0
  4 16  1  0  0  0  0
  5 17  1  0  0  0  0
  5 18  1  0  0  0  0
  5 19  1  0  0  0  0
  6  7  2  0  0  0  0
  6 11  1  0  0  0  0
  7  8  1  0  0  0  0
  7 20  1  0  0  0  0
  8  9  2  0  0  0  0
  8 21  1  0  0  0  0
  9 10  1  0  0  0  0
  9 22  1  0  0  0  0
 10 11  2  0  0  0  0
 10 23  1  0  0  0  0
 11 24  1  0  0  0  0
M  END
