
 OpenBabel07202212263D

 24 24  0  0  1  0  0  0  0  0999 V2000
   -0.1603    0.2540    0.5377 C   0  0  1  0  0  0  0  0  0  0  0  0
   -1.0653    1.3050   -0.1475 C   0  0  1  0  0  0  0  0  0  0  0  0
   -1.1817    2.9927    0.8490 Br  0  0  0  0  0  0  0  0  0  0  0  0
   -0.6170    1.6422   -1.5664 C   0  0  0  0  0  0  0  0  0  0  0  0
    1.2774    0.7113    0.8241 C   0  0  0  0  0  0  0  0  0  0  0  0
   -0.8234   -0.3883    1.7523 C   0  0  0  0  0  0  0  0  0  0  0  0
   -0.8017    0.2049    3.0232 C   0  0  0  0  0  0  0  0  0  0  0  0
   -1.4278   -0.4096    4.1105 C   0  0  0  0  0  0  0  0  0  0  0  0
   -2.0786   -1.6292    3.9464 C   0  0  0  0  0  0  0  0  0  0  0  0
   -2.1088   -2.2338    2.6929 C   0  0  0  0  0  0  0  0  0  0  0  0
   -1.4905   -1.6162    1.6035 C   0  0  0  0  0  0  0  0  0  0  0  0
   -0.0434   -0.5595   -0.1946 H   0  0  0  0  0  0  0  0  0  0  0  0
   -2.0993    0.9422   -0.1863 H   0  0  0  0  0  0  0  0  0  0  0  0
    0.3662    2.1236   -1.5863 H   0  0  0  0  0  0  0  0  0  0  0  0
   -1.3239    2.3276   -2.0480 H   0  0  0  0  0  0  0  0  0  0  0  0
   -0.5661    0.7378   -2.1817 H   0  0  0  0  0  0  0  0  0  0  0  0
    1.3295    1.5290    1.5485 H   0  0  0  0  0  0  0  0  0  0  0  0
    1.7760    1.0425   -0.0921 H   0  0  0  0  0  0  0  0  0  0  0  0
    1.8670   -0.1186    1.2316 H   0  0  0  0  0  0  0  0  0  0  0  0
   -0.3019    1.1561    3.1876 H   0  0  0  0  0  0  0  0  0  0  0  0
   -1.4060    0.0675    5.0870 H   0  0  0  0  0  0  0  0  0  0  0  0
   -2.5615   -2.1071    4.7943 H   0  0  0  0  0  0  0  0  0  0  0  0
   -2.6135   -3.1873    2.5623 H   0  0  0  0  0  0  0  0  0  0  0  0
   -1.5292   -2.1096    0.6345 H   0  0  0  0  0  0  0  0  0  0  0  0
  1  6  1  0  0  0  0
  1  2  1  0  0  0  0
  1  5  1  0  0  0  0
  1 12  1  6  0  0  0
  2  3  1  0  0  0  0
  2  4  1  0  0  0  0
  2 13  1  6  0  0  0
  4 14  1  0  0  0  0
  4 15  1  0  0  0  0
  4 16  1  0  0  0  0
  5 17  1  0  0  0  0
  5 18  1  0  0  0  0
  5 19  1  0  0  0  0
  6  7  2  0  0  0  0
  6 11  1  0  0  0  0
  7  8  1  0  0  0  0
  7 20  1  0  0  0  0
  8  9  2  0  0  0  0
  8 21  1  0  0  0  0
  9 10  1  0  0  0  0
  9 22  1  0  0  0  0
 10 11  2  0  0  0  0
 10 23  1  0  0  0  0
 11 24  1  0  0  0  0
M  END
