
 OpenBabel07202212283D

 21 21  0  0  0  0  0  0  0  0999 V2000
    0.1312    1.5457   -3.2000 C   0  0  0  0  0  0  0  0  0  0  0  0
   -0.4298    0.2324   -3.7296 C   0  0  0  0  0  0  0  0  0  0  0  0
   -0.7234    2.0943   -2.0625 C   0  0  0  0  0  0  0  0  0  0  0  0
   -0.8922    1.0823   -0.9137 C   0  0  2  0  0  0  0  0  0  0  0  0
   -0.5667   -0.7956   -2.6127 C   0  0  0  0  0  0  0  0  0  0  0  0
   -1.4104   -0.2630   -1.4526 C   0  0  1  0  0  0  0  0  0  0  0  0
    0.1784    2.2800   -4.0120 H   0  0  0  0  0  0  0  0  0  0  0  0
    1.1582    1.3925   -2.8466 H   0  0  0  0  0  0  0  0  0  0  0  0
   -1.4098    0.4082   -4.1898 H   0  0  0  0  0  0  0  0  0  0  0  0
   -1.7087    2.3731   -2.4584 H   0  0  0  0  0  0  0  0  0  0  0  0
   -0.2645    3.0151   -1.6822 H   0  0  0  0  0  0  0  0  0  0  0  0
   -1.8222    1.6903    0.1437 C   0  0  0  0  0  0  0  0  0  0  0  0
    0.4363   -1.0701   -2.2596 H   0  0  0  0  0  0  0  0  0  0  0  0
   -1.0144   -1.7115   -3.0181 H   0  0  0  0  0  0  0  0  0  0  0  0
   -2.4595   -0.1799   -1.7589 H   0  0  0  0  0  0  0  0  0  0  0  0
   -1.3893   -1.6295   -0.0400 Br  0  0  0  0  0  0  0  0  0  0  0  0
    0.2269   -0.1601   -4.5141 H   0  0  0  0  0  0  0  0  0  0  0  0
    0.0917    0.9311   -0.4489 H   0  0  0  0  0  0  0  0  0  0  0  0
   -2.8379    1.8156   -0.2468 H   0  0  0  0  0  0  0  0  0  0  0  0
   -1.4588    2.6752    0.4571 H   0  0  0  0  0  0  0  0  0  0  0  0
   -1.8783    1.0689    1.0420 H   0  0  0  0  0  0  0  0  0  0  0  0
  1  2  1  0  0  0  0
  1  3  1  0  0  0  0
  1  7  1  0  0  0  0
  1  8  1  0  0  0  0
  2  5  1  0  0  0  0
  2  9  1  0  0  0  0
  2 17  1  0  0  0  0
  3  4  1  0  0  0  0
  3 10  1  0  0  0  0
  3 11  1  0  0  0  0
  4  6  1  6  0  0  0
  4 12  1  0  0  0  0
  4 18  1  0  0  0  0
  5 13  1  0  0  0  0
  5 14  1  0  0  0  0
  6  5  1  0  0  0  0
  6 15  1  6  0  0  0
  6 16  1  0  0  0  0
 12 19  1  0  0  0  0
 12 20  1  0  0  0  0
 12 21  1  0  0  0  0
M  END
