
 OpenBabel07202212283D

 21 21  0  0  0  0  0  0  0  0999 V2000
   -2.5579   -0.2232   -2.5539 C   0  0  0  0  0  0  0  0  0  0  0  0
   -3.7783    0.6935   -2.5596 C   0  0  0  0  0  0  0  0  0  0  0  0
   -1.6765    0.0207   -3.7790 C   0  0  0  0  0  0  0  0  0  0  0  0
   -2.4511   -0.1176   -5.1035 C   0  0  2  0  0  0  0  0  0  0  0  0
   -4.5795    0.5509   -3.8551 C   0  0  0  0  0  0  0  0  0  0  0  0
   -3.7198    0.7512   -5.1039 C   0  0  1  0  0  0  0  0  0  0  0  0
   -2.8819   -1.2681   -2.5254 H   0  0  0  0  0  0  0  0  0  0  0  0
   -1.9742   -0.0519   -1.6414 H   0  0  0  0  0  0  0  0  0  0  0  0
   -3.4532    1.7311   -2.4319 H   0  0  0  0  0  0  0  0  0  0  0  0
   -0.8206   -0.6651   -3.7651 H   0  0  0  0  0  0  0  0  0  0  0  0
   -1.2538    1.0296   -3.7087 H   0  0  0  0  0  0  0  0  0  0  0  0
   -1.7880    0.2029   -5.9191 H   0  0  0  0  0  0  0  0  0  0  0  0
   -5.4267    1.2474   -3.8461 H   0  0  0  0  0  0  0  0  0  0  0  0
   -5.0150   -0.4553   -3.8836 H   0  0  0  0  0  0  0  0  0  0  0  0
   -4.3143    0.5702   -6.0059 H   0  0  0  0  0  0  0  0  0  0  0  0
   -3.2319    2.6544   -5.2722 Br  0  0  0  0  0  0  0  0  0  0  0  0
   -4.4201    0.4628   -1.7009 H   0  0  0  0  0  0  0  0  0  0  0  0
   -2.8045   -1.5873   -5.3812 C   0  0  0  0  0  0  0  0  0  0  0  0
   -3.4615   -2.0148   -4.6164 H   0  0  0  0  0  0  0  0  0  0  0  0
   -1.8997   -2.2030   -5.4189 H   0  0  0  0  0  0  0  0  0  0  0  0
   -3.3158   -1.6865   -6.3443 H   0  0  0  0  0  0  0  0  0  0  0  0
  1  2  1  0  0  0  0
  1  3  1  0  0  0  0
  1  7  1  0  0  0  0
  1  8  1  0  0  0  0
  2  5  1  0  0  0  0
  2  9  1  0  0  0  0
  2 17  1  0  0  0  0
  3  4  1  0  0  0  0
  3 10  1  0  0  0  0
  3 11  1  0  0  0  0
  4  6  1  1  0  0  0
  4 12  1  0  0  0  0
  4 18  1  0  0  0  0
  5 13  1  0  0  0  0
  5 14  1  0  0  0  0
  6  5  1  0  0  0  0
  6 15  1  6  0  0  0
  6 16  1  0  0  0  0
 18 19  1  0  0  0  0
 18 20  1  0  0  0  0
 18 21  1  0  0  0  0
M  END
