
 OpenBabel07202212303D

 23 22  0  0  0  0  0  0  0  0999 V2000
    1.0379   -0.0061    0.1174 C   0  0  0  0  0  0  0  0  0  0  0  0
    2.5820   -0.0362    0.1215 C   0  0  0  0  0  0  0  0  0  0  0  0
    3.1127   -0.8742   -1.0969 C   0  0  0  0  0  0  0  0  0  0  0  0
    4.6437   -0.8922   -1.2212 C   0  0  0  0  0  0  0  0  0  0  0  0
    2.6104   -2.3258   -1.1208 C   0  0  0  0  0  0  0  0  0  0  0  0
    3.0685    1.4258    0.0170 C   0  0  0  0  0  0  0  0  0  0  0  0
    3.0478   -0.6019    1.4764 C   0  0  0  0  0  0  0  0  0  0  0  0
    0.6524    0.3360   -0.8495 H   0  0  0  0  0  0  0  0  0  0  0  0
    0.6532    0.6746    0.8860 H   0  0  0  0  0  0  0  0  0  0  0  0
    0.6094   -0.9916    0.3258 H   0  0  0  0  0  0  0  0  0  0  0  0
    2.7315   -0.3976   -2.0112 H   0  0  0  0  0  0  0  0  0  0  0  0
    5.1166   -1.3695   -0.3577 H   0  0  0  0  0  0  0  0  0  0  0  0
    5.0543    0.1153   -1.3292 H   0  0  0  0  0  0  0  0  0  0  0  0
    4.9482   -1.4530   -2.1123 H   0  0  0  0  0  0  0  0  0  0  0  0
    2.9582   -2.8912   -0.2511 H   0  0  0  0  0  0  0  0  0  0  0  0
    2.9775   -2.8425   -2.0150 H   0  0  0  0  0  0  0  0  0  0  0  0
    1.5188   -2.3773   -1.1547 H   0  0  0  0  0  0  0  0  0  0  0  0
    2.8118    1.8586   -0.9562 H   0  0  0  0  0  0  0  0  0  0  0  0
    4.1520    1.5064    0.1508 H   0  0  0  0  0  0  0  0  0  0  0  0
    2.6075    2.0526    0.7895 H   0  0  0  0  0  0  0  0  0  0  0  0
    2.6922   -1.6250    1.6336 H   0  0  0  0  0  0  0  0  0  0  0  0
    2.6618    0.0035    2.3053 H   0  0  0  0  0  0  0  0  0  0  0  0
    4.1389   -0.6048    1.5622 H   0  0  0  0  0  0  0  0  0  0  0  0
  1  2  1  0  0  0  0
  1  8  1  0  0  0  0
  1  9  1  0  0  0  0
  1 10  1  0  0  0  0
  2  3  1  0  0  0  0
  2  6  1  0  0  0  0
  2  7  1  0  0  0  0
  3  4  1  0  0  0  0
  3  5  1  0  0  0  0
  3 11  1  0  0  0  0
  4 12  1  0  0  0  0
  4 13  1  0  0  0  0
  4 14  1  0  0  0  0
  5 15  1  0  0  0  0
  5 16  1  0  0  0  0
  5 17  1  0  0  0  0
  6 18  1  0  0  0  0
  6 19  1  0  0  0  0
  6 20  1  0  0  0  0
  7 21  1  0  0  0  0
  7 22  1  0  0  0  0
  7 23  1  0  0  0  0
M  END
