 N  mmmh.       
 OpenBabel07202212293D

 22 23  0  0  0  0  0  0  0  0999 V2000
    0.7676    1.4105   -0.3052 C   0  0  0  0  0  0  0  0  0  0  0  0
    1.3004    0.0003    0.0002 C   0  0  1  0  0  0  0  0  0  0  0  0
    0.7669   -0.4404    1.3739 C   0  0  0  0  0  0  0  0  0  0  0  0
   -0.7677    1.4105   -0.3057 C   0  0  0  0  0  0  0  0  0  0  0  0
   -0.7684   -0.4404    1.3733 C   0  0  0  0  0  0  0  0  0  0  0  0
   -1.3009    0.0004   -0.0007 C   0  0  2  0  0  0  0  0  0  0  0  0
    0.7678   -0.9691   -1.0686 C   0  0  0  0  0  0  0  0  0  0  0  0
   -0.7675   -0.9690   -1.0691 C   0  0  0  0  0  0  0  0  0  0  0  0
    1.1385    1.7528   -1.2787 H   0  0  0  0  0  0  0  0  0  0  0  0
    1.1379    2.1248    0.4399 H   0  0  0  0  0  0  0  0  0  0  0  0
    2.3957    0.0003    0.0006 H   0  0  0  0  0  0  0  0  0  0  0  0
    1.1372    0.2316    2.1573 H   0  0  0  0  0  0  0  0  0  0  0  0
    1.1374   -1.4427    1.6202 H   0  0  0  0  0  0  0  0  0  0  0  0
   -1.1380    1.7529   -1.2795 H   0  0  0  0  0  0  0  0  0  0  0  0
   -1.1386    2.1248    0.4391 H   0  0  0  0  0  0  0  0  0  0  0  0
   -1.1392    0.2316    2.1565 H   0  0  0  0  0  0  0  0  0  0  0  0
   -1.1391   -1.4427    1.6193 H   0  0  0  0  0  0  0  0  0  0  0  0
   -2.3961    0.0004   -0.0011 H   0  0  0  0  0  0  0  0  0  0  0  0
    1.1383   -1.9835   -0.8781 H   0  0  0  0  0  0  0  0  0  0  0  0
    1.1387   -0.6811   -2.0596 H   0  0  0  0  0  0  0  0  0  0  0  0
   -1.1377   -0.6810   -2.0604 H   0  0  0  0  0  0  0  0  0  0  0  0
   -1.1382   -1.9834   -0.8789 H   0  0  0  0  0  0  0  0  0  0  0  0
  1  2  1  0  0  0  0
  1  4  1  0  0  0  0
  1  9  1  0  0  0  0
  1 10  1  0  0  0  0
  2  3  1  0  0  0  0
  2  7  1  0  0  0  0
  2 11  1  1  0  0  0
  3  5  1  0  0  0  0
  3 12  1  0  0  0  0
  3 13  1  0  0  0  0
  4  6  1  0  0  0  0
  4 14  1  0  0  0  0
  4 15  1  0  0  0  0
  5 16  1  0  0  0  0
  5 17  1  0  0  0  0
  6  5  1  0  0  0  0
  6  8  1  0  0  0  0
  6 18  1  6  0  0  0
  7 19  1  0  0  0  0
  7 20  1  0  0  0  0
  8  7  1  0  0  0  0
  8 21  1  0  0  0  0
  8 22  1  0  0  0  0
M  END
