
 OpenBabel07202212303D

 33 33  0  0  0  0  0  0  0  0999 V2000
   -0.7073    1.0804    0.8860 C   0  0  0  0  0  0  0  0  0  0  0  0
   -1.5314    0.0865    0.3617 C   0  0  0  0  0  0  0  0  0  0  0  0
   -0.9652   -1.1197   -0.0578 C   0  0  0  0  0  0  0  0  0  0  0  0
    0.4121   -1.3194    0.0148 C   0  0  0  0  0  0  0  0  0  0  0  0
    1.2294   -0.3051    0.5310 C   0  0  0  0  0  0  0  0  0  0  0  0
    0.6772    0.8919    0.9790 C   0  0  0  0  0  0  0  0  0  0  0  0
    1.3379    1.9600    1.5129 O   0  0  0  0  0  0  0  0  0  0  0  0
    2.7454    1.9183    1.7278 C   0  0  0  0  0  0  0  0  0  0  0  0
   -2.8869    0.1604    0.1967 O   0  0  0  0  0  0  0  0  0  0  0  0
   -3.5517    1.3915    0.4779 C   0  0  0  0  0  0  0  0  0  0  0  0
    1.0883   -2.4381   -0.3895 O   0  0  0  0  0  0  0  0  0  0  0  0
    0.3540   -3.5256   -0.9518 C   0  0  0  0  0  0  0  0  0  0  0  0
   -3.4199    2.3698   -0.6780 C   0  0  0  0  0  0  0  0  0  0  0  0
    3.4063    2.9466    0.8281 C   0  0  0  0  0  0  0  0  0  0  0  0
    0.0802   -3.2989   -2.4295 C   0  0  0  0  0  0  0  0  0  0  0  0
   -1.1074    2.0274    1.2309 H   0  0  0  0  0  0  0  0  0  0  0  0
   -1.6334   -1.8770   -0.4531 H   0  0  0  0  0  0  0  0  0  0  0  0
    2.2955   -0.4966    0.5564 H   0  0  0  0  0  0  0  0  0  0  0  0
    2.9157    2.1983    2.7732 H   0  0  0  0  0  0  0  0  0  0  0  0
    3.2064    0.9385    1.5934 H   0  0  0  0  0  0  0  0  0  0  0  0
   -3.2372    1.8234    1.4340 H   0  0  0  0  0  0  0  0  0  0  0  0
   -4.6130    1.1445    0.5963 H   0  0  0  0  0  0  0  0  0  0  0  0
   -3.7398    1.9030   -1.6155 H   0  0  0  0  0  0  0  0  0  0  0  0
   -2.3827    2.6873   -0.8205 H   0  0  0  0  0  0  0  0  0  0  0  0
   -4.0297    3.2603   -0.5007 H   0  0  0  0  0  0  0  0  0  0  0  0
    2.9768    3.9398    0.9987 H   0  0  0  0  0  0  0  0  0  0  0  0
    3.2407    2.7035   -0.2263 H   0  0  0  0  0  0  0  0  0  0  0  0
    4.4828    2.9940    1.0153 H   0  0  0  0  0  0  0  0  0  0  0  0
    1.0098   -3.0732   -2.9621 H   0  0  0  0  0  0  0  0  0  0  0  0
   -0.5895   -2.4487   -2.5888 H   0  0  0  0  0  0  0  0  0  0  0  0
   -0.3778   -4.1852   -2.8777 H   0  0  0  0  0  0  0  0  0  0  0  0
    0.9945   -4.4098   -0.8549 H   0  0  0  0  0  0  0  0  0  0  0  0
   -0.5552   -3.7522   -0.3841 H   0  0  0  0  0  0  0  0  0  0  0  0
  1  2  2  0  0  0  0
  1 16  1  0  0  0  0
  2  3  1  0  0  0  0
  2  9  1  0  0  0  0
  3  4  2  0  0  0  0
  3 17  1  0  0  0  0
  4  5  1  0  0  0  0
  4 11  1  0  0  0  0
  5  6  2  0  0  0  0
  5 18  1  0  0  0  0
  6  1  1  0  0  0  0
  6  7  1  0  0  0  0
  7  8  1  0  0  0  0
  8 14  1  0  0  0  0
  8 19  1  0  0  0  0
  8 20  1  0  0  0  0
  9 10  1  0  0  0  0
 10 13  1  0  0  0  0
 10 21  1  0  0  0  0
 10 22  1  0  0  0  0
 11 12  1  0  0  0  0
 12 15  1  0  0  0  0
 12 32  1  0  0  0  0
 12 33  1  0  0  0  0
 13 23  1  0  0  0  0
 13 24  1  0  0  0  0
 13 25  1  0  0  0  0
 14 26  1  0  0  0  0
 14 27  1  0  0  0  0
 14 28  1  0  0  0  0
 15 29  1  0  0  0  0
 15 30  1  0  0  0  0
 15 31  1  0  0  0  0
M  END
