
 OpenBabel07202212283D

  8  7  0  0  0  0  0  0  0  0999 V2000
   -0.8028   -0.4074   -0.0000 C   0  0  0  0  0  0  0  0  0  0  0  0
    0.7092   -0.4074    0.0000 C   0  0  0  0  0  0  0  0  0  0  0  0
   -1.1872    0.2985    0.7422 H   0  0  0  0  0  0  0  0  0  0  0  0
   -1.1872   -1.4032    0.2402 H   0  0  0  0  0  0  0  0  0  0  0  0
   -1.1872   -0.1176   -0.9825 H   0  0  0  0  0  0  0  0  0  0  0  0
    1.0936   -0.6972    0.9825 H   0  0  0  0  0  0  0  0  0  0  0  0
    1.0936    0.5884   -0.2402 H   0  0  0  0  0  0  0  0  0  0  0  0
    1.0936   -1.1134   -0.7422 H   0  0  0  0  0  0  0  0  0  0  0  0
  1  2  1  0  0  0  0
  1  3  1  0  0  0  0
  1  4  1  0  0  0  0
  1  5  1  0  0  0  0
  2  6  1  0  0  0  0
  2  7  1  0  0  0  0
  2  8  1  0  0  0  0
M  END
