
 OpenBabel07202212293D

 68 72  0  0  1  0  0  0  0  0999 V2000
  -13.3967   -3.5975    2.1241 C   0  0  0  0  0  0  0  0  0  0  0  0
  -12.6751   -4.7578    2.4021 C   0  0  0  0  0  0  0  0  0  0  0  0
  -11.3234   -4.6927    2.7718 C   0  0  0  0  0  0  0  0  0  0  0  0
  -10.6904   -3.4328    2.8620 C   0  0  0  0  0  0  0  0  0  0  0  0
  -11.4231   -2.2778    2.5751 C   0  0  0  0  0  0  0  0  0  0  0  0
  -12.7733   -2.3588    2.2092 C   0  0  0  0  0  0  0  0  0  0  0  0
  -10.5714   -5.8027    3.0437 O   0  0  0  0  0  0  0  0  0  0  0  0
  -11.1908   -7.0802    2.9939 C   0  0  0  0  0  0  0  0  0  0  0  0
   -9.2637   -3.2863    3.2604 C   0  0  0  0  0  0  0  0  0  0  0  0
   -8.6184   -1.9515    3.2587 C   0  0  0  0  0  0  0  0  0  0  0  0
   -9.3646   -0.8173    2.9651 C   0  0  0  0  0  0  0  0  0  0  0  0
  -10.7968   -0.9465    2.6460 C   0  0  0  0  0  0  0  0  0  0  0  0
  -11.4612    0.0644    2.4315 O   0  0  0  0  0  0  0  0  0  0  0  0
   -8.5771   -4.2426    3.6073 O   0  0  0  0  0  0  0  0  0  0  0  0
   -7.2512   -1.8121    3.5698 C   0  0  0  0  0  0  0  0  0  0  0  0
   -6.6082   -0.5559    3.5529 C   0  0  0  0  0  0  0  0  0  0  0  0
   -7.3801    0.5905    3.2743 C   0  0  0  0  0  0  0  0  0  0  0  0
   -8.7510    0.4462    2.9934 C   0  0  0  0  0  0  0  0  0  0  0  0
   -9.4614    1.5989    2.7597 O   0  0  0  0  0  0  0  0  0  0  0  0
   -6.4870   -2.8981    3.9211 O   0  0  0  0  0  0  0  0  0  0  0  0
   -5.1280   -0.4415    3.8902 C   0  0  2  0  0  0  0  0  0  0  0  0
   -4.5672    0.9811    4.0247 C   0  0  0  0  0  0  0  0  0  0  0  0
   -5.2661    2.0173    3.1410 C   0  0  1  0  0  0  0  0  0  0  0  0
   -6.7820    1.9823    3.3553 C   0  0  0  0  0  0  0  0  0  0  0  0
   -4.2451   -1.3402    3.2158 O   0  0  0  0  0  0  0  0  0  0  0  0
   -3.9163   -1.2280    1.8391 C   0  0  1  0  0  0  0  0  0  0  0  0
   -5.0902   -1.3800    0.8754 C   0  0  0  0  0  0  0  0  0  0  0  0
   -4.6414   -1.3499   -0.5857 C   0  0  1  0  0  0  0  0  0  0  0  0
   -3.6711   -0.1725   -0.8404 C   0  0  1  0  0  0  0  0  0  0  0  0
   -2.5933   -0.0031    0.2504 C   0  0  1  0  0  0  0  0  0  0  0  0
   -3.1565   -0.0457    1.5693 O   0  0  0  0  0  0  0  0  0  0  0  0
   -4.1106   -2.6488   -1.0359 N   0  0  0  0  0  0  0  0  0  0  0  0
   -3.0944   -0.2939   -2.1455 O   0  0  0  0  0  0  0  0  0  0  0  0
   -1.3717   -0.9135    0.1312 C   0  0  0  0  0  0  0  0  0  0  0  0
   -5.0844   -0.8202    4.9227 H   0  0  0  0  0  0  0  0  0  0  0  0
   -4.7404    3.4141    3.5374 C   0  0  0  0  0  0  0  0  0  0  0  0
   -3.8075    4.1185    2.5603 C   0  0  0  0  0  0  0  0  0  0  0  0
   -5.0117    3.9336    4.6241 O   0  0  0  0  0  0  0  0  0  0  0  0
   -2.6012    3.4012    2.3565 O   0  0  0  0  0  0  0  0  0  0  0  0
   -5.0172    1.7754    1.7587 O   0  0  0  0  0  0  0  0  0  0  0  0
  -14.4444   -3.6618    1.8383 H   0  0  0  0  0  0  0  0  0  0  0  0
  -13.1998   -5.7050    2.3181 H   0  0  0  0  0  0  0  0  0  0  0  0
  -13.3433   -1.4576    1.9872 H   0  0  0  0  0  0  0  0  0  0  0  0
  -10.4372   -7.8278    3.2598 H   0  0  0  0  0  0  0  0  0  0  0  0
  -11.5428   -7.3081    1.9826 H   0  0  0  0  0  0  0  0  0  0  0  0
  -12.0039   -7.1538    3.7235 H   0  0  0  0  0  0  0  0  0  0  0  0
  -10.3982    1.3620    2.5730 H   0  0  0  0  0  0  0  0  0  0  0  0
   -7.0462   -3.7082    3.8888 H   0  0  0  0  0  0  0  0  0  0  0  0
   -3.4841    0.9833    3.8541 H   0  0  0  0  0  0  0  0  0  0  0  0
   -4.6993    1.2915    5.0720 H   0  0  0  0  0  0  0  0  0  0  0  0
   -7.2456    2.6231    2.5939 H   0  0  0  0  0  0  0  0  0  0  0  0
   -7.0487    2.3917    4.3382 H   0  0  0  0  0  0  0  0  0  0  0  0
   -3.2496   -2.0815    1.6822 H   0  0  0  0  0  0  0  0  0  0  0  0
   -5.7919   -0.5518    1.0088 H   0  0  0  0  0  0  0  0  0  0  0  0
   -5.6529   -2.2949    1.0947 H   0  0  0  0  0  0  0  0  0  0  0  0
   -5.5285   -1.1849   -1.2107 H   0  0  0  0  0  0  0  0  0  0  0  0
   -4.2859    0.7377   -0.8452 H   0  0  0  0  0  0  0  0  0  0  0  0
   -2.1977    1.0149    0.1381 H   0  0  0  0  0  0  0  0  0  0  0  0
   -3.3310   -2.9523   -0.4593 H   0  0  0  0  0  0  0  0  0  0  0  0
   -3.7065   -2.4900   -1.9657 H   0  0  0  0  0  0  0  0  0  0  0  0
   -2.6648    0.5551   -2.3513 H   0  0  0  0  0  0  0  0  0  0  0  0
   -1.6181   -1.9723    0.2264 H   0  0  0  0  0  0  0  0  0  0  0  0
   -0.6625   -0.6910    0.9364 H   0  0  0  0  0  0  0  0  0  0  0  0
   -0.8590   -0.7676   -0.8244 H   0  0  0  0  0  0  0  0  0  0  0  0
   -3.5659    5.1156    2.9425 H   0  0  0  0  0  0  0  0  0  0  0  0
   -4.3190    4.2479    1.6020 H   0  0  0  0  0  0  0  0  0  0  0  0
   -2.0820    3.4836    3.1777 H   0  0  0  0  0  0  0  0  0  0  0  0
   -4.0717    1.5185    1.6933 H   0  0  0  0  0  0  0  0  0  0  0  0
  1  2  2  0  0  0  0
  1 41  1  0  0  0  0
  2  3  1  0  0  0  0
  2 42  1  0  0  0  0
  3  4  2  0  0  0  0
  3  7  1  0  0  0  0
  4  5  1  0  0  0  0
  4  9  1  0  0  0  0
  5  6  2  0  0  0  0
  6  1  1  0  0  0  0
  6 43  1  0  0  0  0
  7  8  1  0  0  0  0
  8 44  1  0  0  0  0
  8 45  1  0  0  0  0
  8 46  1  0  0  0  0
  9 10  1  0  0  0  0
  9 14  2  0  0  0  0
 10 11  2  0  0  0  0
 10 15  1  0  0  0  0
 11 12  1  0  0  0  0
 12  5  1  0  0  0  0
 12 13  2  0  0  0  0
 15 16  2  0  0  0  0
 15 20  1  0  0  0  0
 16 17  1  0  0  0  0
 16 21  1  0  0  0  0
 17 18  2  0  0  0  0
 18 11  1  0  0  0  0
 18 19  1  0  0  0  0
 19 47  1  0  0  0  0
 20 48  1  0  0  0  0
 21 22  1  0  0  0  0
 21 25  1  0  0  0  0
 21 35  1  1  0  0  0
 22 23  1  0  0  0  0
 22 49  1  0  0  0  0
 22 50  1  0  0  0  0
 23 24  1  0  0  0  0
 23 36  1  1  0  0  0
 23 40  1  0  0  0  0
 24 17  1  0  0  0  0
 24 51  1  0  0  0  0
 24 52  1  0  0  0  0
 26 27  1  0  0  0  0
 26 25  1  0  0  0  0
 26 53  1  6  0  0  0
 27 28  1  0  0  0  0
 27 54  1  0  0  0  0
 27 55  1  0  0  0  0
 28 29  1  6  0  0  0
 28 32  1  0  0  0  0
 28 56  1  0  0  0  0
 29 30  1  1  0  0  0
 29 33  1  0  0  0  0
 29 57  1  0  0  0  0
 30 31  1  0  0  0  0
 30 34  1  0  0  0  0
 30 58  1  6  0  0  0
 31 26  1  0  0  0  0
 32 59  1  0  0  0  0
 32 60  1  0  0  0  0
 33 61  1  0  0  0  0
 34 62  1  0  0  0  0
 34 63  1  0  0  0  0
 34 64  1  0  0  0  0
 36 37  1  0  0  0  0
 36 38  2  0  0  0  0
 37 39  1  0  0  0  0
 37 65  1  0  0  0  0
 37 66  1  0  0  0  0
 39 67  1  0  0  0  0
 40 68  1  0  0  0  0
M  END
