
 OpenBabel07202212253D

 26 26  0  0  1  0  0  0  0  0999 V2000
   -0.6629   -2.5000   -0.1357 C   0  0  0  0  0  0  0  0  0  0  0  0
   -0.6861   -2.8428    1.2184 C   0  0  0  0  0  0  0  0  0  0  0  0
    0.5027   -2.8733    1.9516 C   0  0  0  0  0  0  0  0  0  0  0  0
    1.7165   -2.5595    1.3326 C   0  0  0  0  0  0  0  0  0  0  0  0
    1.7501   -2.2093   -0.0292 C   0  0  0  0  0  0  0  0  0  0  0  0
    0.5486   -2.1857   -0.7593 C   0  0  0  0  0  0  0  0  0  0  0  0
    3.0598   -1.8718   -0.7026 C   0  0  0  0  0  0  0  0  0  0  0  0
    3.7544   -0.6363   -0.0758 C   0  0  2  0  0  0  0  0  0  0  0  0
    2.9157    0.5835   -0.0964 N   0  0  0  0  0  0  0  0  0  0  0  0
    2.5119    1.0594   -1.4247 C   0  0  0  0  0  0  0  0  0  0  0  0
    5.1204   -0.3901   -0.7320 C   0  0  0  0  0  0  0  0  0  0  0  0
   -1.5843   -2.4783   -0.7031 H   0  0  0  0  0  0  0  0  0  0  0  0
   -1.6248   -3.0862    1.6992 H   0  0  0  0  0  0  0  0  0  0  0  0
    0.4840   -3.1414    3.0000 H   0  0  0  0  0  0  0  0  0  0  0  0
    2.6280   -2.5924    1.9156 H   0  0  0  0  0  0  0  0  0  0  0  0
    0.5467   -1.9231   -1.8097 H   0  0  0  0  0  0  0  0  0  0  0  0
    2.9057   -1.6964   -1.7885 H   0  0  0  0  0  0  0  0  0  0  0  0
    3.7291   -2.7550   -0.6134 H   0  0  0  0  0  0  0  0  0  0  0  0
    3.9687   -0.8649    0.9914 H   0  0  0  0  0  0  0  0  0  0  0  0
    2.0555    0.4284    0.4792 H   0  0  0  0  0  0  0  0  0  0  0  0
    3.3934    1.3175   -2.0445 H   0  0  0  0  0  0  0  0  0  0  0  0
    1.9143    1.9880   -1.3073 H   0  0  0  0  0  0  0  0  0  0  0  0
    1.8752    0.3165   -1.9462 H   0  0  0  0  0  0  0  0  0  0  0  0
    5.0254   -0.1982   -1.8202 H   0  0  0  0  0  0  0  0  0  0  0  0
    5.7692   -1.2826   -0.6019 H   0  0  0  0  0  0  0  0  0  0  0  0
    5.6210    0.4768   -0.2509 H   0  0  0  0  0  0  0  0  0  0  0  0
  1  2  2  0  0  0  0
  1 12  1  0  0  0  0
  2  3  1  0  0  0  0
  2 13  1  0  0  0  0
  3  4  2  0  0  0  0
  3 14  1  0  0  0  0
  4  5  1  0  0  0  0
  4 15  1  0  0  0  0
  5  6  2  0  0  0  0
  5  7  1  0  0  0  0
  6  1  1  0  0  0  0
  6 16  1  0  0  0  0
  7 17  1  0  0  0  0
  7 18  1  0  0  0  0
  8 11  1  0  0  0  0
  8  9  1  0  0  0  0
  8  7  1  0  0  0  0
  8 19  1  1  0  0  0
  9 10  1  0  0  0  0
  9 20  1  0  0  0  0
 10 21  1  0  0  0  0
 10 22  1  0  0  0  0
 10 23  1  0  0  0  0
 11 24  1  0  0  0  0
 11 25  1  0  0  0  0
 11 26  1  0  0  0  0
M  END
